CFGSPACE_HEAD
3.52024 -8.47303 -3.31446 -21.1721 50 22.7726 
0.804982 -4.44357 -3.762 -23.0143 50 28.9712 
-8.47936 -3.43186 -1.85912 -26.5374 50 30.2143 
-10.9521 -1.76981 0.922443 -24.6024 50 30.7168 
-8.83916 -2.60496 -1.26315 -24.9526 50 29.7798 
6.10629 -3.31583 -0.301117 -22.6906 50 28.6554 
-1.54499 -1.34849 -0.626352 -23.6957 50 27.7421 
-14.1162 -1.96317 0.0809202 -25.3213 50 30.6129 
-9.39107 -1.05875 -2.05592 -24.0369 50 28.0336 
-3.76665 -0.353222 -0.543385 -23.7282 50 28.6817 
-6.30281 -2.31421 -1.25864 -23.265 50 28.3737 
-22.1246 -2.17078 -1.81283 -23.8546 50 30.0371 
-5.1062 -1.09356 -0.271382 -23.9908 50 28.3565 
-20.0492 -1.52001 -0.342079 -24.5322 50 30.7114 
24 -0.84347 -2.2214 -23.1024 50 23.8373 
-15.4617 -1.93731 -0.404707 -25.034 50 30.6097 
-7.951 -3.12561 -1.69094 -25.4412 50 29.2897 
-14.0786 -1.52617 -0.729099 -24.6829 50 31.0838 
-10.5312 -1.39951 -1.04736 -26.943 50 31.3489 
-21.3434 -0.587953 -0.386539 -25.0521 50 31.0596 
24 -1.1636 -2.25504 -22.8962 50 25.8317 
-16.1578 -2.15888 -0.507266 -25.1505 50 30.7346 
9.12188 -1.63827 -2.18199 -22.252 50 30.7619 
-9.03919 -2.13612 -1.1281 -24.2663 50 28.9348 
-8.61767 -1.84798 -1.27382 -24.0158 50 28.6781 
24 -4.69437 -2.59337 -21.0394 50 25.0575 
-22.1811 -0.121325 -0.0858874 -25.5874 50 30.6628 
6.07097 -0.903942 0.181082 -24.4737 50 28.7968 
-14.0546 -1.51057 -0.708802 -26.8793 50 32.042 
24 -0.0429814 0.953345 -22.9037 50 24.7117 
-5.34536 -0.936849 -0.382136 -26.2328 50 32.3142 
-9.82557 -2.40366 -1.48609 -25.5368 50 28.6143 
24 -2.49227 -1.67107 -21.7847 50 26.6837 
-25.6318 -0.412619 -0.189524 -25.0868 50 30.9449 
18.8346 -0.75404 -1.64812 -22.7135 50 25.1174 
-11.4235 1.36264 -0.977585 -24.101 50 26.1085 
-13.1833 -1.37783 -0.736474 -24.7073 50 29.4254 
-2.60283 0.205868 -0.467611 -25.4147 50 30.1895 
7.24935 -1.93154 -1.29024 -24.7193 50 26.7391 
-16.3439 -1.64764 -0.951395 -24.7852 50 29.0827 
16.1947 -0.50091 -0.787657 -22.8063 50 24.1312 
-21.5516 -0.77055 0.0501165 -25.0022 50 29.7833 
12.8807 0.356579 -1.64293 -21.9827 50 25.736 
-10.9762 -1.77812 -1.14863 -23.781 50 28.4551 
-5.21507 -1.84524 -1.42433 -23.62 50 28.2603 
-6.24645 -0.940325 -0.802825 -26.6284 50 31.8048 
-0.152112 -1.47127 -0.908087 -25.0342 50 28.116 
-10.1114 -0.875835 -0.342064 -26.3529 50 31.8363 
23.1843 0.538771 0.192639 -23.2139 50 26.0387 
-17.9869 -1.37483 -0.0586946 -24.7064 50 30.7532 
-13.0175 -0.372688 -1.92375 -23.8864 50 26.4655 
8.31976 0.0961195 -0.521407 -23.0862 50 27.7761 
-7.10141 -1.50771 -0.29372 -25.8226 50 29.9543 
-10.4119 -1.39203 -1.84549 -23.6884 50 28.3862 
-9.64212 0.42254 -0.525592 -22.8349 50 31.6665 
-21.5381 -0.788862 -0.558876 -25.0937 50 30.4853 
-9.83437 -0.0749343 -0.0517961 -24.0743 50 30.9879 
-15.3143 -1.75358 -0.432747 -25.0386 50 30.2582 
1.5138 -1.81191 0.385251 -24.0695 50 28.8683 
-22.3758 -0.152427 -0.0966658 -24.8195 50 30.3748 
22.3758 -0.539296 -1.93765 -22.5278 50 29.6214 
11.4362 -2.63566 -1.02031 -21.905 50 27.6999 
-16.3037 -1.6186 -0.567846 -25.072 50 30.0224 
-16.8141 0.870325 -0.587101 -23.4687 50 29.8168 
-20.0125 -0.900283 0.0918402 -25.2682 50 30.1842 
-9.77846 1.13138 1.2887 -24.3769 50 27.3823 
24 -0.534685 1.27691 -22.5896 50 26.1247 
-11.797 -1.00434 -2.03102 -24.2447 50 27.2744 
-7.41992 -2.12038 -1.28732 -24.1901 50 28.6091 
5.72263 -0.672224 -1.5218 -23.8266 50 28.3166 
24 -0.793707 -1.47386 -23.3725 50 24.5872 
10.2438 -0.079727 0.530093 -23.1522 50 26.4778 
-16.8131 -0.471205 -0.687385 -23.5503 50 31.3384 
2.8007 -1.13994 -0.438534 -24.1227 50 30.6964 
-21.134 -0.871117 -0.670231 -24.301 50 29.5992 
-14.8579 0.701441 -1.96081 -24.3616 50 27.8085 
-20.0705 -1.0459 -0.0947887 -24.8094 50 30.6954 
-23.1188 -0.853295 -1.04867 -24.8512 50 30.9025 
24 0.0120899 -1.05571 -22.6828 50 23.9794 
0.148126 -0.278617 -0.814231 -22.6243 50 28.5743 
-2.99568 -1.80246 -0.611752 -23.7804 50 28.8534 
1.69174 -1.59887 -0.329625 -25.2084 50 27.6341 
-16.7557 -1.30508 0.0240443 -24.9802 50 30.591 
-10.0192 -2.59621 -1.93974 -25.7482 50 29.0724 
-12.654 -1.4596 -1.38654 -26.939 50 31.9496 
23.9995 -0.46262 -2.02394 -22.6264 50 30.0729 
-15.3922 -1.48183 -0.752631 -26.3707 50 30.8378 
-17.6177 -1.26112 0.445876 -26.584 50 32.05 
-20.6546 -0.870428 0.117021 -24.7407 50 30.7118 
5.62631 -1.46396 -2.1441 -23.2903 50 29.3052 
-14.9213 -0.65834 -0.369437 -24.4471 50 29.3095 
8.05293 0.265537 -1.41497 -22.6664 50 26.5351 
-11.1445 -1.511 -1.13718 -24.1084 50 28.8498 
-4.34435 -0.502781 -0.682859 -24.7387 50 32.3571 
21.0026 0.203075 -1.80939 -22.8372 50 23.6003 
16.1317 -0.654225 -0.933453 -23.4996 50 24.1452 
-6.73505 0.481984 -0.327001 -23.4672 50 31.5997 
10.5039 -1.60068 -0.746621 -24.0044 50 31.4934 
19.3939 0.253735 0.370921 -23.236 50 25.3039 
-11.2423 -0.752259 -1.46145 -24.5048 50 28.3316 
-15.3562 0.135423 -0.921189 -24.1343 50 30.2017 
-11.7166 -2.09245 -1.28587 -25.794 50 28.1501 
-4.66508 -0.246713 -0.310751 -26.2879 50 28.7212 
-12.2194 -1.54888 -1.35329 -24.6666 50 27.9742 
-11.7178 -2.0766 1.26833 -23.4224 50 28.1856 
-3.2671 -0.180295 -1.11613 -23.7041 50 28.0683 
-13.8377 -0.281202 -0.20111 -22.935 50 31.4495 
-11.1237 -1.34553 0.357766 -26.1131 50 30.4764 
-20.5174 -2.06965 -0.0862224 -23.2384 50 27.2915 
-17.3993 -0.283123 -0.534008 -24.4176 50 28.9568 
-5.83372 -1.42194 -1.4649 -23.3364 50 27.3978 
-13.269 -1.28031 -1.0747 -26.7287 50 31.8081 
9.21842 -0.794359 -1.7035 -22.3081 50 29.8924 
3.32494 -0.211327 -0.966065 -26.0531 50 32.0521 
3.30431 -0.659714 0.287378 -23.1972 50 27.5583 
-12.3875 -0.796248 -2.15907 -24.2656 50 26.8024 
-1.83423 -1.24665 0.10348 -23.0711 50 27.8995 
-14.0049 -1.62702 -1.29325 -26.9793 50 31.4544 
4.6163 -1.43006 -0.657516 -23.3205 50 30.3699 
0.414222 -1.03608 -1.61082 -22.0066 50 29.709 
-5.78424 -2.17496 -1.99954 -26.0392 50 28.3513 
16.1482 -1.91658 -1.105 -21.8128 50 26.3014 
-27.6575 -0.908367 -0.395035 -25.6622 50 30.5508 
-15.0413 -0.446112 -1.42362 -25.2722 50 31.0197 
-13.2134 0.571349 -1.13069 -24.5327 50 27.1471 
-16.0292 0.990423 -0.531805 -23.6947 50 29.1885 
10.5188 -1.51571 -1.82241 -24.6835 50 28.055 
-0.384585 0.101181 -0.275834 -25.8742 50 27.5259 
8.09522 0.156993 0.146037 -23.3559 50 28.9342 
4.35657 -3.15388 1.10188 -24.4241 50 27.193 
2.48331 -0.294021 -1.07565 -25.1518 50 31.9416 
-13.1712 -1.27647 -0.765432 -24.857 50 30.2005 
0.817556 -1.28697 0.270002 -23.3805 50 28.4433 
-27.0258 0.528708 -0.991128 -25.1418 50 30.2359 
-21.9986 -0.107603 -0.136562 -24.1147 50 30.1051 
-3.4557 -0.462515 0.186063 -24.99 50 31.816 
18.7204 -0.535971 -0.585016 -22.9838 50 24.5578 
-15.3639 -1.56201 -0.416785 -23.8081 50 27.5534 
-15.2742 0.38614 -0.677785 -24.0893 50 29.6973 
-10.0217 -0.962109 -0.717701 -26.5696 50 31.6465 
-13.2537 -1.37273 -0.580789 -24.7755 50 27.1191 
-15.8805 -1.6967 -0.78021 -25.5024 50 27.8425 
24 -0.748161 -0.733306 -22.9755 50 30.3057 
-9.49963 -0.66766 -0.19116 -23.4962 50 25.5424 
17.1384 0.252728 -1.14076 -22.9512 50 24.6029 
-11.4538 -0.279664 -0.854183 -24.0844 50 30.4741 
-0.793892 -1.26999 -0.62862 -23.2032 50 29.2084 
-14.7351 -0.73529 -0.247899 -26.8756 50 31.3858 
-17.3251 -1.01126 -1.51485 -26.1081 50 31.3808 
-9.98777 -1.09211 -1.97175 -24.6268 50 28.8398 
-18.9623 -0.551126 -0.347458 -24.3903 50 29.9052 
-3.34198 -1.05715 -0.798905 -26.5632 50 32.1158 
-12.0035 -2.00191 -1.07368 -24.2014 50 28.7656 
-8.83993 -1.21616 -0.429342 -26.7829 50 31.2599 
0.419639 0.0726973 -1.14167 -26.4259 50 31.4547 
1.47684 -0.991583 -0.0774665 -23.4909 50 28.7727 
-3.7885 -0.733701 -0.719896 -25.1094 50 31.8661 
-4.84612 -1.48575 -1.72392 -25.0772 50 27.729 
15.4665 -0.281885 -1.03408 -23.4639 50 23.9943 
-15.5802 0.267536 -0.10313 -23.9599 50 30.1809 
20.8901 -0.640699 -1.16512 -22.3681 50 25.0893 
-8.08994 -2.27039 -0.692779 -25.037 50 28.2907 
23.9999 0.319649 -1.26481 -22.2772 50 29.1126 
-12.3511 -1.18972 -0.61458 -24.1969 50 28.4203 
-21.6767 -0.568946 -0.199124 -24.624 50 30.3708 
-0.645079 0.354443 -1.22856 -23.6852 50 26.9405 
20.009 -1.55262 -1.02222 -21.6965 50 25.8861 
16.7764 -0.574641 -0.417802 -23.4767 50 24.8598 
7.1377 0.333353 -0.395996 -22.9746 50 26.9944 
23.8367 0.0216572 -1.34049 -22.9331 50 23.7823 
-1.08808 -0.258467 -0.211357 -26.2005 50 28.4843 
15.3267 0.75804 -1.55468 -22.5342 50 25.6764 
6.90919 -1.40473 -1.07704 -24.7894 50 27.6473 
10.587 -0.075487 -1.37807 -23.0991 50 25.9569 
-19.7672 -1.08175 -1.00867 -24.2669 50 27.8673 
-16.4511 0.288774 -0.91616 -24.5915 50 30.4156 
0.494053 -1.7005 -0.381558 -25.0251 50 26.2328 
-14.7992 -1.98926 -1.32269 -25.8981 50 28.5181 
-12.0566 -1.281 -0.587774 -25.0379 50 28.0073 
-21.6525 0.330478 0.522841 -25.4731 50 31.1301 
-19.3987 -1.67204 -1.16113 -25.1069 50 31.6903 
-14.9567 -0.143593 -0.803732 -24.135 50 30.1629 
-12.4195 -1.14301 -0.963567 -26.327 50 30.8728 
-7.62962 -0.0843593 -0.343596 -25.2094 50 31.9416 
-2.54892 -1.45783 -0.282764 -23.8774 50 29.2093 
-6.65182 -0.713003 -1.34645 -25.777 50 29.1215 
16.8278 0.490539 0.0520986 -23.3906 50 27.8381 
-3.74385 -1.57576 -2.3736 -25.1819 50 27.496 
3.29977 -0.160446 -0.125969 -24.9885 50 30.8365 
3.23186 0.276786 -1.40957 -23.237 50 31.2313 
14.7471 -1.27116 -0.341736 -22.4762 50 27.2082 
-13.8629 -1.30525 -0.878926 -24.0942 50 29.8175 
-12.1334 -1.1521 -0.381093 -26.5235 50 32.2537 
-0.354452 -0.618133 -1.13482 -23.1805 50 30.5475 
16.2718 -0.0962404 -1.60228 -21.9607 50 24.8194 
6.79898 0.521818 -0.139355 -23.7764 50 26.9478 
-0.215586 -0.450296 0.317599 -24.902 50 32.3262 
-13.8381 -1.78492 -0.486274 -26.8937 50 30.4979 
-15.3888 -1.60541 0.499333 -26.9937 50 33.1081 
14.643 0.596472 -1.75311 -22.6086 50 26.2257 
-6.41812 -0.299558 -0.753625 -24.8929 50 31.585 
2.74315 0.697162 -0.400066 -22.4455 50 27.3381 
-15.5719 -0.976711 -1.29518 -24.423 50 29.401 
-13.2705 -1.43809 -1.40979 -26.5548 50 31.9929 
-7.7819 -2.0369 -0.434558 -23.3505 50 28.1346 
-3.03488 -0.449103 -0.771769 -26.4341 50 31.6578 
-3.14186 -0.34593 -0.614743 -26.5183 50 31.769 
12.0921 -1.37656 -0.847288 -24.9532 50 24.567 
-0.509103 -0.391404 0.169628 -26.6024 50 29.703 
13.6685 -1.52869 -0.713298 -23.3646 50 28.3071 
-3.76773 0.397812 0.116111 -26.9135 50 29.3509 
-0.231894 0.128634 -1.08211 -24.2422 50 31.5447 
-19.4316 -1.82053 -1.40878 -26.2856 50 31.1221 
-19.9401 -1.11841 -1.57563 -26.1649 50 31.5367 
-13.5445 -1.25579 -1.13253 -26.5629 50 31.6597 
-16.6949 -2.31591 0.12558 -23.4623 50 27.736 
-2.55487 -0.72999 -2.43948 -23.5153 50 28.6438 
8.28398 -0.336283 -0.732349 -26.6951 50 32.0101 
-16.1997 0.295321 0.46732 -23.9139 50 26.3901 
12.5713 -1.06185 -0.0515595 -25.3238 50 28.9222 
2.87073 -1.08904 -1.98554 -22.8709 50 28.8575 
-6.13735 -2.27942 -0.176567 -23.09 50 28.823 
15.0956 0.141107 -1.66623 -22.7432 50 25.9006 
CFGSPACE_LEFT_ARM
-10.1475 41.1027 36.7544 71.1882 -48.5747 -19.8595 2.27168 26.7702 51.09 78.5629 26.1321 19.207 0 2.71455 31.9491 12.6752 
-25.4294 46.6886 68.7941 63.5559 -76.323 -20.3328 -13.5006 16.9692 54.6166 84.3965 14.607 2.56025 0 2.63748 15.1271 7.66291 
-26.2752 49.0807 67.0551 69.6157 -72.0511 -23.8811 -10.3615 18.1715 56.4353 82.9982 8.20183 3.7339 0 7.0419 11.8516 16.5188 
-27.9586 49.039 66.4783 71.3637 -65.33 -26.1488 -5.90277 17.6923 55.5181 84.9168 11.953 4.9007 0 2.56289 13.8962 12.324 
-25.455 48.4785 69.309 66.5966 -79.3213 -20.9075 -16.2554 16.1914 56.1784 85.1032 8.12739 2.87716 0 3.83788 10.4202 11.9637 
-30.8448 47.8949 69.3662 69.658 -63.2912 -26.2014 -2.29701 18.7512 53.6996 86.7237 18.4908 6.6798 0 0.509555 11.2433 13.8385 
-26.181 46.2462 74.0299 60.0613 -85.5781 -16.7332 -18.7966 16.4009 55.332 85.7638 9.85796 0.663198 0 2.00561 10.1028 2.51229 
-29.0715 52.3694 68.9427 75.7272 -70.5096 -27.973 -9.93395 16.8942 56.6045 84.7961 7.66738 4.16576 0 4.57782 10.3171 11.3235 
-23.7773 46.8173 69.0685 63.1722 -83.8688 -16.8991 -19.9997 14.4414 55.3446 85.5025 7.15644 1.15114 0 3.21572 10.9332 6.02711 
-30.1664 41.8628 80 53.0786 -90 -11.4892 -19.9999 15.6723 55.3931 87.269 7.38758 1.1411 0 1.66853 7.873 3.39514 
-26.5486 47.5028 73.1119 62.6055 -81.8168 -19.482 -17.3218 16.0187 56.5187 86.1717 9.69033 1.31833 0 2.1136 10.4155 3.1993 
-33.7585 48.3407 71.9484 71.0384 -61.4213 -27.7089 0.0313804 16.8173 56.679 88.4279 15.5856 4.10861 0 0.400632 6.58377 5.20782 
-29.3787 46.5113 80 59.2014 -90 -15.9399 -20 15.0629 55.5423 87.3999 7.87516 1.72165 0 1.9208 9.32891 2.18903 
-32.7284 52.5704 71.3201 77.1028 -65.3248 -30.3048 -4.38249 15.6297 56.6664 87.1701 10.9118 4.02381 0 2.05943 6.67812 6.50847 
-28.8642 48.4603 79.3887 62.0509 -88.919 -18.726 -19.9966 14.421 56.3166 86.2016 13.9686 0.325606 0 2.54494 8.36238 1.03344 
-27.245 52.1683 70.0873 73.2117 -77.818 -25.237 -15.8718 15.5945 56.3799 85.3322 7.02765 2.37989 0 4.0923 9.542 10.9231 
-27.7562 47.9081 71.3935 65.3794 -75.4544 -22.4726 -12.1954 16.8678 56.79 84.0452 9.12549 3.1711 0 2.64168 11.5958 13.8664 
-32.9044 48.1196 72.5112 69.4497 -65.2501 -26.5857 -2.63047 15.7505 55.9988 87.2136 13.0072 3.87634 0 1.16995 6.84873 5.92022 
-29.5433 49.1741 72.2291 68.1574 -72.9193 -24.69 -10.4634 17.0021 56.6003 84.6768 11.2597 3.47034 0 2.50815 10.8393 7.46342 
-31.3704 56.1648 70.1098 82.3929 -68.8338 -32.5727 -8.02257 15.4519 56.0488 86.4357 8.67361 3.44388 0 3.47664 9.80407 10.4308 
-29.3659 49.2192 76.887 64.6494 -81.9774 -21.7849 -16.9911 14.3872 56.8728 86.0263 12.3184 0.834033 0 1.99884 7.82757 5.4141 
-25.4595 50.6671 69.8636 70.0938 -82.5119 -21.5395 -19.6702 15.0302 56.4737 85.3227 8.55417 2.50244 0 3.43378 9.8873 9.98254 
-36.1359 50.158 75.0812 73.077 -61.255 -29.6531 1.30041 15.2529 54.381 88.2875 13.4457 5.71924 0 2.22748 12.9673 10.6825 
-27.3881 49.233 72.794 66.2675 -79.8786 -21.9166 -16.7093 15.8203 57.2123 86.1606 8.03114 1.85901 0 2.9625 9.79858 8.32548 
-25.6019 47.5054 72.1318 62.9758 -83.2307 -18.9066 -18.3198 15.7445 56.8174 86.0012 8.32425 1.95449 0 2.42486 9.50215 6.47628 
-28.8564 47.128 69.3195 66.7744 -68.5724 -23.9671 -7.97163 14.5529 57.177 87.6883 15.8137 4.41343 0 0 6.67532 12.2458 
-29.2386 54.8088 69.9779 79.1529 -74.8041 -29.2938 -14.212 15.2037 56.975 85.5684 7.24797 2.73404 0 3.17831 8.41477 7.97873 
-29.6924 48.3948 80 61.9947 -87.9244 -18.9174 -19.9832 15.0874 54.6549 86.537 7.16421 0.0909435 0 1.5401 9.82996 1.97846 
-29.5445 51.0316 71.3974 71.766 -72.5292 -26.2883 -10.7367 16.4492 57.5458 85.8053 8.0466 2.27057 0 3.38214 10.6272 9.07828 
-29.9981 43.4122 80 55.3359 -90 -13.2065 -20 12.9016 56.9627 86.8122 13.9066 0.762628 0 1.69092 6.58082 3.37222 
-30.9993 48.709 72.756 68.2382 -69.7976 -25.5846 -7.55129 16.0303 57.3431 85.2657 9.46315 3.21375 0 1.85803 12.1487 4.16108 
-27.6197 47.9977 72.944 64.334 -78.84 -21.4904 -14.717 16.2921 57.2233 86.25 8.8751 2.14168 0 2.32383 10.4298 10.1771 
-33.1237 48.5954 72.7949 69.9285 -64.6516 -26.9638 -3.09616 14.7498 56.9678 88.692 11.8056 3.98455 0 0.845026 7.16899 10.5615 
-31.2011 58.7912 70.18 86.2851 -72.5238 -34.0525 -12.4668 14.5452 57.211 85.8424 7.30646 2.70649 0 3.03603 8.09033 8.68515 
-30.1178 49.0098 80 63.1591 -86.6324 -20.2784 -19.4718 14.0715 56.8528 86.313 12.3477 0.420489 0 2.86404 6.69718 3.28816 
-23.5267 43.8837 68.9177 59.047 -87.0929 -12.5351 -20 15.5366 54.3632 87.4001 6.91558 1.88675 0 1.56312 6.37352 1.53818 
-27.8401 50.9144 72.6722 69.5559 -79.8108 -23.6887 -16.7891 15.3012 56.76 85.9545 6.96753 2.02892 0 2.93251 9.22274 8.37396 
-34.2946 48.2435 73.001 70.4449 -62.2504 -27.4509 -1.17184 15.899 56.2593 87.3388 13.7202 4.99266 0 0 6.4028 8.29203 
-28.3869 47.2607 72.2779 63.912 -75.5685 -21.1558 -13.9688 16.9068 56.6518 82.403 11.7297 7.70055 0 1.38234 5.40824 0 
-22.504 47.5464 65.6834 66.6884 -83.1912 -17.2657 -20 14.6842 56.4595 86.6433 6.12174 1.73558 0 2.86187 10.7359 5.53764 
-29.3923 46.4187 80 59.1312 -89.9999 -15.9792 -20 13.1285 57.3 87.2473 12.4277 0.332634 0 2.1255 6.52117 0.640197 
-36.0161 53.2789 73.2953 79.194 -60.1562 -32.3413 0.688545 14.9828 55.6323 88.7274 12.0942 3.99151 0 0.281571 5.54115 6.74203 
-30.5624 49.7587 80 64.4529 -85.1355 -21.7087 -18.8901 13.7382 57.7648 86.8455 11.339 0.513848 0 2.61305 6.35628 2.90674 
-26.9186 47.8001 74.0538 62.722 -82.6349 -19.6555 -17.9114 15.2122 57.0706 86.4049 7.97571 1.60645 0 1.42255 10.5155 3.13587 
-25.9789 46.8703 73.0409 61.4911 -83.4356 -18.4277 -18.1636 15.6417 56.4126 86.0465 8.293 1.49539 0 1.93777 9.8165 4.4746 
-30.6926 48.2678 73.1213 67.1879 -71.8377 -24.7168 -8.56491 16.3118 56.6511 85.4924 9.12358 3.54997 0 2.43894 10.9375 4.45125 
-28.3415 47.9069 73.3073 64.4504 -78.0095 -21.6535 -13.9452 16.0395 56.9314 84.3196 9.55999 5.13404 0 1.92151 7.44798 6.8737 
-32.0208 48.5438 73.6717 68.1215 -69.5198 -25.4683 -6.96992 15.593 57.5131 86.2952 8.77876 2.91185 0 2.43121 10.1357 6.29859 
-31.2699 37.193 80 46.7887 -90 -6.84391 -20 12.8361 57.2185 86.9409 10.5713 0.425667 0 1.83147 5.94769 3.04324 
-31.397 51.3611 71.2809 74.3293 -68.3578 -28.6155 -6.49165 15.2196 57.1826 86.9768 9.45253 3.66852 0 2.90035 6.89142 6.79974 
-24.2893 45.3381 72.1984 58.5685 -86.7958 -14.9046 -19.9816 14.348 57.4075 87.6258 3.24068 0.690663 0 1.7742 6.20396 4.56523 
-28.0831 49.0271 77.0594 63.4635 -85.3787 -20.2536 -19.3064 15.0582 58.1143 86.2956 6.64498 0 0 2.65596 7.90878 0 
-29.4268 48.3651 72.9652 66.2222 -74.2985 -23.5825 -11.2231 16.14 55.8347 85.2074 9.53261 2.24811 0 3.20837 10.0286 7.23993 
-24.4444 48.4228 70.2976 64.9345 -83.2612 -18.9109 -19.9219 14.8839 56.1301 85.7601 6.15997 1.36184 0 3.33896 6.6072 5.58354 
-36.6434 49.3912 73.4565 73.9692 -56.2915 -29.8765 4.81526 14.9226 55.0785 89.4396 9.96499 4.01939 0 0 6.95019 7.97317 
-27.5618 54.0733 70.6556 76.5015 -80.987 -25.9035 -19.922 14.8532 56.4075 85.526 8.02847 2.18037 0 2.56477 8.50639 8.75337 
-35.4547 48.761 73.1281 72.2429 -59.3293 -28.6986 2.49994 14.2402 55.7745 89.0342 10.1277 3.70448 0 0 6.12828 5.65575 
-28.7936 52.0904 72.2209 72.303 -76.7796 -25.8782 -15.2627 14.8832 56.7806 85.9061 6.55306 1.98143 0 3.0402 9.14572 8.59331 
-27.691 48.2622 75.9725 62.696 -84.4306 -19.541 -18.771 14.7337 55.1684 87.6634 7.42306 0.653637 0 1.45724 9.00886 1.96137 
-23.1334 51.1075 64.9836 73.5967 -81.2988 -21.7651 -20 13.8303 57.8288 87.0601 5.81652 0.537767 0 2.95557 7.03504 8.72377 
-41.722 51.2792 79.9986 76.1291 -57.3925 -32.5568 6.824 13.9971 56.3344 89.3473 12.8638 2.75685 0 4.1519 8.47845 11.4333 
-31.2177 48.2815 72.1786 68.313 -68.5234 -25.5262 -5.82321 15.482 54.7608 87.4607 14.6389 5.09738 0 0 7.84682 11.8832 
-26.6695 51.1113 72.2969 69.5463 -82.5215 -22.7317 -19.9993 14.8244 56.6958 86.5322 6.82377 1.74859 0 3.99331 11.7288 9.59512 
-33.6043 50.6828 73.4312 73.3428 -66.5238 -28.7833 -4.36817 15.067 57.7279 87.1516 8.29686 3.01695 0 2.49526 5.96218 4.65284 
-29.3319 53.258 71.4134 75.5764 -75.7506 -27.7057 -14.4324 14.9162 56.6883 85.7327 7.24677 1.94483 0 3.03463 7.94193 7.14141 
-21.8034 41.1711 68.8786 52.697 -90 -8.39542 -20 15.1853 55.0681 90 5.4965 1.49544 0 1.60253 6.96629 0 
-32.0845 48.7378 73.079 69.0054 -68.1528 -26.1621 -4.94849 13.722 58.0921 90 11.632 3.89866 0 0.0580861 8.68871 5.73091 
-24.573 47.0131 71.899 61.5821 -85.3166 -17.0879 -19.9996 14.1446 56.9266 87.7626 4.06364 1.82417 0 2.16192 5.75425 6.57073 
-27.0825 47.944 73.2365 63.564 -80.661 -20.4927 -16.2484 15.9001 57.1431 86.2964 8.27415 1.12014 0 2.7951 9.40341 5.96967 
-25.6358 44.153 73.4737 57.0235 -86.9113 -14.0207 -19.9915 14.7973 56.4478 88.7109 4.44907 0.812899 0 0 5.16826 2.53395 
-29.3289 46.5334 80 59.3449 -90 -16.3537 -19.9992 13.9129 57.1228 87.0868 11.7024 0.69665 0 1.99764 5.01612 0 
-29.5618 47.5911 80 60.8626 -88.8341 -17.7625 -19.9999 14.1494 56.6194 87.2999 9.85892 0.780577 0 1.62845 7.90686 2.41979 
-38.6789 52.3071 73.7449 80.0349 -52.8614 -32.9445 7.65865 14.6649 55.157 89.2855 9.76021 2.85311 0 0.460587 5.46693 7.00418 
-31.5568 49.1659 73.0567 69.0281 -68.8895 -26.1192 -6.44826 15.1617 56.3247 86.8151 10.3425 3.92567 0 1.14216 8.64656 6.09207 
-35.7425 50.0545 73.0613 74.53 -58.8648 -29.9332 2.18966 15.4875 56.8201 88.2498 12.4461 3.83354 0 0.260662 4.62366 5.23711 
-30.5253 43.1631 80 55.4 -90 -12.1643 -19.999 14.1034 55.2643 89.7949 6.90236 1.51759 0 2.11734 6.44459 0 
-34.3131 52.1191 72.7029 76.6273 -62.7771 -30.9908 -1.00663 14.9231 56.5347 88.359 10.8745 3.4982 0 1.08382 5.72793 6.26024 
-34.244 57.1553 71.6544 84.5948 -63.5162 -34.9604 -3.43045 14.2266 57.0716 86.9947 8.67163 4.25569 0 2.24035 8.6597 10.3149 
-30.0045 48.9488 80 63.119 -86.8963 -20.4117 -19.8967 13.807 56.7815 85.9487 11.98 0 0 0.630283 4.595 0 
-24.3318 43.0799 72.7553 55.0133 -90 -11.1236 -20 14.6175 54.1085 88.2357 9.42828 2.52466 0 1.00658 7.20899 0 
-29.7994 48.411 79.9999 62.121 -87.6528 -19.16 -19.9141 14.6741 55.9613 86.8628 7.86287 0.982787 0 2.07942 8.6246 3.48435 
-29.8351 48.0028 73.9661 65.2991 -75.7486 -22.7591 -12.3602 15.8353 56.2778 84.6105 11.3812 3.19804 0 2.49337 7.37031 2.84777 
-23.5847 48.3545 68.202 66.4203 -83.5156 -18.6205 -20 14.199 56.1353 86.6884 6.34969 2.31579 0 3.31053 9.4527 5.90868 
-27.8872 48.7865 71.9187 66.4401 -76.7495 -22.4865 -13.8808 16.2643 57.1667 85.6052 8.60539 2.72065 0 1.63255 11.0648 9.9667 
-29.6609 49.7335 72.197 69.4505 -73.6232 -25.2237 -10.8396 16.4078 57.4734 85.9603 9.02439 2.5792 0 2.50474 8.69905 6.92052 
-39.5187 51.0283 80 73.7588 -63.7583 -31.114 1.82012 13.9383 56.2216 89.026 13.4172 3.9563 0 3.26843 7.63058 10.4244 
-31.6644 48.6483 74.4686 67.5216 -72.0731 -25.1749 -8.80321 15.4903 57.4486 86.4872 9.37566 3.27808 0 2.36295 9.98147 4.5135 
-29.8954 47.8681 73.6245 65.6596 -75.2231 -23.2997 -11.0649 16.0391 57.323 86.0635 9.58795 2.00543 0 3.2095 8.4095 6.36225 
-31.8641 53.5036 71.225 78.1849 -68.6298 -30.7167 -6.90563 15.0125 56.8851 87.1415 8.13861 3.76032 0 2.0062 6.58329 8.3341 
-25.2411 45.6825 73.2958 58.9993 -86.4156 -15.5553 -20 15.0526 56.1487 87.8338 5.39881 0.133046 0 0.40333 5.59349 3.10651 
-24.8603 49.1262 70.5942 66.2964 -83.4753 -19.6325 -19.9999 13.9634 56.5753 86.7479 4.55536 1.26115 0 3.02398 6.96914 6.3126 
-30.2716 49.5773 80 63.9634 -85.9212 -21.0273 -19.2466 14.5324 57.6884 87.049 8.55445 0 0 1.93606 6.68142 0.437771 
-26.8742 48.8656 73.1222 65.0795 -81.811 -20.6564 -17.6638 15.095 57.471 86.8145 7.23722 1.70167 0 2.01716 10.9963 5.39992 
-33.0911 49.1345 74.6084 69.2202 -68.525 -26.5995 -5.78026 14.8099 56.348 86.9078 7.99708 3.67361 0 1.06626 6.33887 7.4057 
-32.5012 50.0443 79.9903 66.2431 -80.8484 -23.8407 -14.9305 13.7379 56.93 86.6287 12.9173 2.11492 0 1.70036 6.92106 10.159 
-29.6264 48.6204 80 62.2963 -87.9574 -19.2183 -20 13.0377 56.4543 87.0938 11.2776 0 0 1.83885 4.81233 0.27346 
-40.8422 49.1481 75.5048 76.2577 -49.8604 -31.0119 11.351 14.2568 55.6426 89.353 7.88463 3.74427 0 0.468752 3.99519 8.13398 
-34.358 49.0953 73.4069 71.3253 -62.9249 -28.01 -0.157641 14.9334 55.5321 88.292 13.1016 4.43143 0 1.04923 10.1967 7.67946 
-30.5502 40.8204 80 51.8079 -90 -10.3907 -20 12.8984 57.3982 87.2368 12.5181 0.262227 0 1.5456 4.84677 2.93094 
-29.097 47.8206 80 60.8378 -90 -17.2409 -20 14.1599 57.1913 87.4587 5.93663 1.10889 0 3.21833 5.80386 4.60539 
-32.8345 49.4135 72.836 71.1809 -66.6542 -27.4531 -3.94604 14.9308 57.55 87.4998 9.25074 3.0353 0 1.33503 6.94966 6.00989 
-28.1764 48.1158 73.1644 64.7692 -77.8369 -22.0617 -14.1592 15.8218 57.6913 86.3074 9.68599 1.5546 0 1.81636 9.62343 9.59984 
-30.0026 48.8841 74.9497 66.0007 -77.0687 -23.2493 -12.3196 15.2782 56.127 85.8659 8.28117 2.80638 0 2.52868 8.34157 3.36862 
-28.4605 50.4924 73.8636 68.2868 -79.7527 -23.4149 -16.414 14.9517 57.5286 86.332 6.49697 2.6584 0 2.51573 8.32152 10.7191 
-27.1523 48.1176 75.774 62.1868 -85.3004 -18.8094 -19.3727 15.3747 57.2811 86.9213 7.9027 1.76235 0 2.43559 7.61013 1.66536 
-29.5315 45.1968 80 57.4466 -90 -14.6902 -20 14.7114 55.9075 88.6491 7.40524 1.00126 0 2.02349 8.11867 0.0138231 
-39.889 49.7297 77.2235 74.5899 -56.6885 -30.8715 6.61722 14.8492 55.5537 88.6333 9.88706 3.48964 0 0.312139 4.11005 5.22417 
-29.4986 48.2608 73.4639 65.8139 -75.3994 -23.1863 -11.5286 15.4306 57.2209 85.4455 8.50047 1.6605 0 2.68121 7.43339 6.5709 
-29.6669 48.5658 79.9942 62.2778 -87.8985 -19.258 -19.9967 13.8261 57.3448 86.6847 6.65005 0.796527 0 2.6695 8.87907 0.693594 
-19.789 44.839 61.9346 63.5337 -84.3411 -13.048 -20 14.3559 56.7059 86.816 5.68286 1.81888 0 1.82308 8.29707 7.56732 
-29.2774 47.8839 80 61.1022 -89.5221 -17.7159 -20 15.3478 55.6148 86.5828 8.18322 0.725279 0 1.82257 8.50414 3.62949 
-30.4378 49.9983 72.639 69.9825 -72.0162 -25.9676 -10.1525 16.0664 57.6764 86.1801 9.06869 1.63462 0 2.78701 10.0386 7.70249 
-37.8115 50.1327 75.2852 74.6068 -57.2089 -30.7046 5.11806 14.4566 56.4153 88.6357 10.9431 3.95646 0 2.46724 11.5106 10.423 
-31.215 48.3374 73.415 67.3712 -71.1366 -24.771 -8.16805 15.7399 57.3781 85.4988 7.13008 3.29384 0 1.77944 10.3138 5.95043 
-29.4428 47.8557 80 61.1305 -88.9915 -17.8911 -20 13.5133 55.593 86.575 8.04235 1.1488 0 1.28398 8.60976 0.512168 
-25.5934 46.0278 74.0727 59.3229 -86.9861 -15.8632 -19.9598 13.9941 57.6114 88.0384 4.08386 0.852245 0 2.11915 6.36683 6.02802 
-26.996 48.2799 74.1283 63.3663 -82.3126 -20.1963 -17.603 14.7369 56.7212 87.9063 6.5408 0.552117 0 0.999456 10.5315 0 
-29.2914 50.6573 71.7081 71.0478 -74.3393 -25.7065 -11.5411 16.2384 57.464 85.657 8.85129 1.76498 0 2.56076 8.7626 10.4628 
-35.2929 48.9322 73.849 71.6275 -61.4666 -28.2988 0.737692 14.2399 55.5932 89.4728 12.1874 4.93162 0 1.94347 9.90635 11.199 
-36.2694 49.7858 73.9289 73.692 -58.4473 -29.7789 3.87741 13.9448 56.406 88.9739 11.0857 4.35707 0 3.13555 10.5274 9.85848 
-28.4021 48.2121 73.4576 64.9439 -77.9435 -22.2833 -13.7897 15.1867 56.891 85.3919 8.73251 1.99219 0 2.49329 10.1853 13.4493 
-30.052 47.8517 71.6228 67.1359 -70.5943 -24.3893 -7.56123 14.7348 56.6071 88.0841 14.5766 4.40132 0 1.00276 6.59667 10.4221 
-33.2046 60.2799 70.4814 89.3288 -66.669 -37.2726 -6.3656 14.0125 56.4938 87.1947 5.52734 2.78072 0 2.47834 9.40332 7.59083 
-32.2985 49.0853 74 68.9031 -69.3544 -26.1308 -6.09699 14.2793 57.4762 87.6615 7.68312 3.87826 0 2.00863 7.40045 8.41786 
-29.8763 43.511 80 55.2295 -90 -12.9473 -20 13.8653 56.4495 88.5258 5.08123 1.04247 0 2.14366 5.48983 0.886033 
-32.4054 49.873 71.8917 72.2591 -67.013 -27.215 -4.91941 14.1717 57.5656 87.0237 8.53405 2.79634 0 1.86868 6.98338 6.98193 
-30.5523 48.7871 75.5339 65.9137 -76.7397 -23.4785 -12.7641 15.037 57.5542 82.6804 8.51327 3.60412 0 2.45097 5.06493 0.774065 
-29.484 48.0133 74.1771 65.0298 -77.0899 -22.5697 -12.8896 15.5728 56.0735 85.5308 6.73516 2.51087 0 2.50066 6.72288 2.24843 
-24.7835 43.4723 72.5903 55.9439 -87.8589 -12.5916 -19.9426 14.3016 56.6986 88.9024 3.70372 0 0 0.631153 4.98569 3.11132 
-29.0517 48.1077 74.8067 64.2987 -79.2608 -21.6441 -14.4095 16.4025 57.1926 83.9022 9.55154 6.6285 0 2.53535 5.09065 0 
-31.6748 48.6597 73.6734 67.9762 -70.3705 -25.2727 -7.41206 15.3511 57.1729 86.559 8.41162 2.91707 0 1.48388 9.1242 4.99873 
-33.6711 48.2544 72.517 70.2968 -62.9739 -27.2307 -1.16372 15.2123 56.498 87.0319 11.9726 2.92609 0 0.959098 8.54015 7.89773 
-27.8026 48.3929 77.4799 62.1049 -87.1811 -18.6805 -19.9997 13.6941 55.1494 86.6608 7.09196 0.680751 0 1.6741 6.91437 2.79424 
-28.31 57.1462 68.8665 83.1804 -77.5222 -30.4988 -17.7619 14.3659 56.6367 85.7953 6.94164 0.168387 0 2.61463 8.76612 11.8062 
-37.6908 56.2923 71.8202 86.4315 -53.5829 -36.089 7.38991 14.4506 56.1384 88.1953 10.1558 2.92101 0 0.354555 3.90227 6.52359 
-32.2113 50.5579 73.1025 71.4016 -66.6629 -27.8994 -3.74319 15.3787 56.1451 87.6889 8.77448 4.77222 0 0 5.72025 8.40771 
-29.4989 47.2223 80 60.2421 -89.2229 -17.0079 -20 13.6556 57.603 87.2993 11.8812 0.0752802 0 2.29414 6.58124 1.15645 
-30.3468 49.263 80 63.5544 -86.1763 -20.4402 -18.8203 14.2571 57.5689 86.3131 7.47817 0.921696 0 0.76405 8.18691 3.37249 
-35.2732 49.1354 73.1415 72.4977 -59.7463 -28.803 2.38177 14.0626 56.6048 88.3789 10.3479 3.35992 0 0 3.71433 5.55631 
-30.5882 47.865 73.3534 66.3602 -72.9264 -23.9731 -9.51677 16.1344 56.7425 85.7068 10.1795 3.22599 0 2.66009 10.1988 6.47993 
-30.8451 49.4721 80 64.2344 -84.7746 -21.4842 -18.2127 14.5698 56.9563 87.6702 4.15457 0.400009 0 1.4213 7.19337 3.2667 
-31.0414 49.8124 80 64.8761 -84.2785 -22.1243 -17.5342 14.907 57.2683 87.4159 4.49397 0.380617 0 0.655103 6.50702 6.67742 
-38.4677 50.5368 80 72.1087 -66.7775 -29.7908 -1.09103 13.8743 56.7105 88.8379 12.0009 3.73534 0 2.914 6.37189 10.3452 
-23.3477 43.0156 70.5254 55.6743 -88.8829 -10.7097 -19.9957 12.8138 55.5612 88.4507 9.98422 1.09411 0.0947004 0.250422 5.65151 0 
-31.8207 49.7952 80 65.3992 -82.5174 -22.878 -16.2565 13.4258 57.1321 86.7563 11.041 1.84194 0 1.62434 7.23621 6.95631 
-34.348 48.7353 72.5456 71.4633 -61.0175 -27.8798 0.950797 14.6578 55.8913 87.2414 10.7451 3.39315 0 0 6.75184 7.52327 
-29.3743 48.0241 80 61.3843 -89.0647 -18.193 -20 13.5253 54.719 86.8353 4.81119 0.163156 0 0.496239 6.78123 1.9307 
-31.033 51.1904 72.802 72.1337 -71.454 -27.1514 -10.1873 15.8502 56.98 86.3464 8.90118 1.66798 0 3.08474 10.8488 6.33059 
-31.866 48.5821 74.1035 67.8209 -70.8327 -25.3534 -7.68534 14.617 58.1473 88.1897 7.4207 3.7831 0 2.16087 7.25104 5.76117 
-29.3151 48.1257 80 61.3515 -89.1329 -17.9161 -20 14.3326 56.7722 86.1181 5.18457 1.18401 0 1.86353 5.27764 3.11931 
-36.3256 51.3618 72.5918 77.3774 -56.3275 -31.4843 5.28886 14.4785 56.4106 88.9296 10.4917 3.33206 0 0.737167 5.42021 5.01919 
-32.058 48.4383 76.1017 66.4147 -74.9813 -24.2028 -10.2199 15.8093 57.241 85.8074 11.3455 3.43388 0 1.58155 6.10165 4.92363 
-25.4657 48.2799 73.0451 63.2383 -84.9646 -18.4735 -20 14.2581 56.9933 87.5111 4.88099 1.41249 0 1.36836 3.70268 2.42253 
-31.4189 48.5074 73.7908 67.5214 -71.3519 -24.9605 -8.26007 16.1535 56.561 85.5944 8.6403 3.3734 0 1.79637 10.5142 4.86855 
-31.2566 47.6933 73.5606 66.533 -71.8013 -24.2418 -8.64719 15.5587 58.0677 86.4838 7.64314 2.34911 0 2.2071 10.5054 7.26232 
-29.6486 48.6639 80 62.2766 -87.882 -19.0611 -20 13.7063 55.7638 86.8124 5.59991 0.476028 0 2.03957 7.26317 2.18082 
-32.62 48.7486 74.2319 68.6004 -69.2331 -26.0208 -6.14055 14.962 57.1717 86.7602 6.90345 3.51588 0 1.272 7.36977 6.60123 
-31.0233 49.6421 80 64.5055 -84.535 -21.4825 -17.2303 15.9754 57.3795 86.5572 8.54559 0.978909 0 3.03947 9.51816 4.52 
-29.8054 44.4748 80 56.7504 -89.9945 -14.2906 -19.9994 12.4729 57.1465 87.5251 10.2864 0.873412 0 1.87368 6.01371 1.66207 
-34.1082 49.8324 74.139 71.8334 -65.7477 -28.323 -3.47727 15.2229 57.6893 86.6167 8.59145 2.62582 0 2.53403 6.44841 6.04185 
-30.2971 49.5718 80 64.0296 -85.8837 -21.1907 -19.3981 13.6963 57.6361 86.6046 10.5016 0 0 1.30364 5.02747 0.178818 
-30.75 49.5436 80 64.2997 -85.1377 -21.4216 -17.9342 15.6316 58.0926 86.3524 7.48086 1.08254 0 2.6844 8.45087 7.76771 
-44.7082 50.6792 79.9989 78.4034 -49.1567 -33.1201 13.8315 13.6298 56.1265 90 10.5431 2.48597 0 2.76809 5.44064 9.64036 
-29.2396 48.7009 80 62.0958 -90 -17.4576 -20 14.1836 57.4304 87.5386 4.60498 1.66442 0 2.78077 4.19722 4.03415 
-39.4648 55.7691 80 80.6708 -68.285 -34.274 -4.27312 14.5351 56.8287 87.4054 8.15891 4.096 0 2.22235 6.78429 6.40988 
-29.4693 45.8835 80 58.2582 -89.9447 -15.073 -19.9995 14.9638 56.0773 89.0562 6.22792 2.68444 0 1.87253 9.87484 1.47984 
-31.6733 48.5964 73.4979 68.0304 -70.1914 -25.2422 -6.87768 12.9573 58.5894 89.3675 12.1298 3.26583 0 0.843432 9.58336 7.61691 
-29.6307 47.7807 80 61.1526 -88.5195 -18.0821 -20 13.3687 56.4815 87.3247 10.6893 0.180883 0 1.87498 5.01335 1.26316 
-29.2448 47.3577 80 60.3059 -89.6999 -17.0095 -20 13.6602 56.7373 85.8213 8.69205 0.156279 0 1.34702 9.96285 2.06826 
-29.6968 48.618 80 62.3747 -87.7576 -19.4176 -20 14.1961 56.6046 85.6259 12.3105 1.21656 0 1.69263 6.77348 0 
-32.8791 49.0248 79.7278 65.3502 -80.1662 -23.1105 -13.6331 14.8134 55.898 86.297 6.96636 2.90867 0 2.07683 7.35906 2.9802 
-30.5618 49.5996 80 64.3482 -84.8564 -22.1088 -19.9877 13.0598 57.6055 86.4877 9.33559 1.75158 0 2.01281 5.90077 4.80823 
-30.0904 48.3168 74.8289 65.4202 -76.7788 -22.9576 -12.6479 15.2098 56.971 84.1025 8.46917 3.50143 0 2.21602 5.14516 2.08281 
-29.7565 48.7414 80 62.6009 -87.6211 -19.6444 -19.9731 13.9961 57.9241 86.656 9.46802 0.353226 0 2.22187 5.21417 0 
-36.5359 51.0181 75.6248 74.5997 -63.1746 -30.3243 -0.0335783 15.3313 57.7688 89.8433 11.803 4.11766 0 1.32863 4.32213 8.76803 
-32.0123 48.8928 73.0525 69.1912 -68.1391 -26.3546 -5.20622 14.4603 58.2837 87.8354 7.22605 3.42874 0 1.61456 6.04549 7.77301 
-28.8002 48.099 74.8584 64.073 -79.9473 -21.3827 -14.9949 15.9577 57.4142 84.4963 7.26205 6.06163 0 2.42 5.37958 1.77122 
-32.2121 49.5461 80 65.398 -81.8085 -23.0479 -15.536 15.3262 57.3731 86.7717 9.79402 1.60993 0 1.3944 8.97294 9.12298 
-30.6252 49.3308 80 64.0078 -85.471 -21.2784 -18.302 14.7807 57.8662 87.1242 4.55659 0.712593 0 1.67644 8.23096 3.54845 
-30.6419 54.5592 70.6271 79.2635 -71.6791 -30.5444 -9.02975 15.1036 56.3387 87.2799 7.24798 3.1898 0 3.14817 9.59556 8.73456 
-27.2428 52.7849 71.7317 73.2264 -81.8851 -24.5378 -19.9976 13.947 55.9974 85.2652 8.91712 2.56963 0 3.68454 8.02605 8.5083 
-32.5281 49.0427 72.6717 70.1158 -66.0621 -26.8472 -4.19716 14.8043 57.912 87.6767 9.50533 3.56683 0 1.24787 5.33974 2.83662 
-31.1212 48.0163 73.6956 66.7559 -72.1451 -24.4357 -9.08476 15.3936 57.5023 86.3296 8.98698 3.04903 0 2.18859 9.1372 4.95638 
-33.0374 49.1837 73.8977 69.8585 -67.0015 -27.1482 -4.5545 14.8514 56.6916 87.3157 7.56195 3.3244 0 0.0586232 5.37959 6.97179 
-30.0121 48.5072 80 62.3045 -86.9949 -19.385 -19.8386 14.7817 56.2389 87.1621 8.01451 0.912684 0 2.02719 9.38527 4.42968 
-28.8645 47.8829 74.3663 64.0771 -78.9272 -21.3698 -14.5048 16.3234 57.4782 86.4826 7.69243 2.24452 0 1.8731 8.10593 9.98859 
-32.7271 30.7102 80 37.0599 -90 -8.78394e-05 -20 13.5528 57.597 87.0998 7.92652 2.78184 0 2.24648 2.05852 5.04175 
-30.8191 49.3536 80 64.1212 -85.2383 -21.2284 -17.63 15.6183 57.7486 87.0402 7.30551 1.0367 0 2.57027 8.81307 4.34072 
-33.3001 48.7133 72.64 70.3498 -63.9581 -27.1406 -2.00255 15.2571 56.5361 87.9442 10.4225 4.45122 0 0 6.77876 7.96095 
-39.081 49.7234 74.7831 75.8042 -52.6804 -31.0095 9.36442 14.01 56.152 88.7045 8.03371 3.18132 0 1.63165 6.64287 10.3746 
-32.2734 49.279 73.633 69.4574 -68.3214 -26.671 -5.67454 14.5138 56.9788 87.787 12.6509 3.7637 0 0.889378 3.76891 9.49946 
-31.0732 51.1999 80 67.2704 -86.0524 -22.4081 -19.5257 14.9258 57.4992 86.0429 6.55886 1.54752 0 1.85824 9.108 4.90735 
-31.7443 48.6626 73.8251 67.9331 -70.5349 -25.2529 -7.4027 15.5601 57.9375 85.8998 8.49167 3.47176 0 2.07852 10.2101 6.88283 
-39.4796 50.2482 80 72.6573 -64.3309 -30.1665 1.00366 13.8283 56.6952 89.5386 10.2127 4.63252 0 1.72814 8.07713 8.54623 
-33.4201 49.7045 80 66.5332 -79.0696 -24.3526 -13.1403 13.498 56.8206 87.7567 11.292 2.54047 0 1.30296 4.66441 9.16534 
-29.4257 48.2996 80 61.7185 -88.7747 -18.4219 -20 14.2608 55.8507 87.2883 7.68947 0.789021 0 0.974842 9.22636 0 
-32.8678 49.2052 73.5678 69.8586 -66.819 -26.8659 -4.25636 14.6082 57.232 87.8006 4.57693 3.91281 0 0.113749 7.20324 4.77439 
-33.6085 49.181 80 65.9665 -78.9316 -23.869 -12.8079 15.4005 57.6596 85.7885 7.19689 1.36035 0 2.56468 7.08079 5.12202 
-31.3747 52.2778 73.1977 73.8476 -72.6652 -27.7203 -10.6648 15.5535 56.8218 85.9404 7.3303 2.12438 0 2.67834 11.0083 6.81452 
-30.1148 49.3927 80 63.697 -86.1623 -21.027 -19.9983 13.4562 56.875 86.9932 10.873 0.126487 0 1.87099 6.26191 4.73188 
-37.3841 50.6699 80 71.1598 -69.3665 -28.8257 -3.87074 14.3952 56.5639 87.4186 8.16338 4.26975 0 1.43339 3.38529 8.04896 
-27.8675 47.3819 77.7036 60.6441 -88.2106 -17.2237 -20 13.5718 56.6387 86.3968 8.07911 1.22694 0 0.694299 8.72243 0.462437 
-27.9809 50.7328 74.8108 67.9604 -83.5409 -22.2959 -19.9221 15.0266 57.5035 87.1504 6.54237 1.64018 0 2.98142 10.0045 7.2013 
-30.463 49.7897 73.3255 69.1462 -73.4784 -25.3403 -10.1585 16.0386 57.7649 86.3037 9.22851 1.9148 0 2.34188 9.84247 6.82157 
-29.4549 49.1835 80 62.8652 -88.1521 -19.4374 -20 14.3973 57.187 86.9708 6.41483 0.996142 0 2.85564 7.44789 0.640879 
-31.0241 48.3932 73.0278 67.5003 -70.7395 -24.7312 -7.87351 15.6988 57.1412 85.4201 8.89734 3.33129 0 1.6088 11.0384 3.34199 
-34.6298 48.858 80 66.4355 -76.8226 -24.5987 -10.8744 15.3687 57.8954 85.8988 9.91957 3.07357 0 1.8191 8.20949 4.13893 
-29.1684 49.0615 79.9994 62.8367 -89.4326 -19.3844 -19.9997 12.9287 55.3267 86.2439 8.35192 0.724215 0 3.15248 5.56413 1.20826 
-30.799 48.7074 75.3264 66.3495 -76.0735 -24.0476 -11.609 15.6182 57.2436 85.3241 11.3242 2.55458 0 1.87578 5.43848 0 
-37.5157 49.9331 80 70.3467 -69.5293 -28.1787 -3.83946 14.449 56.7522 89.0988 10.0322 3.52925 0 1.29004 8.22267 8.03993 
-31.5112 48.8227 76.7457 65.838 -77.266 -23.3134 -12.2901 15.322 56.0516 85.5392 8.40084 2.5348 0 2.09132 6.12808 0.566822 
-32.6331 49.6009 75.4922 68.6895 -71.6371 -25.8745 -7.54593 15.2636 56.881 87.4236 8.25982 2.80646 0 2.39336 8.15529 5.62708 
-31.0068 48.3007 73.6778 67.0524 -72.1693 -24.6647 -9.1342 15.2836 58.0031 86.9174 8.49659 3.51218 0 1.9887 10.3531 3.36732 
-35.4311 49.9558 79.9997 68.525 -74.3411 -26.468 -8.71396 14.2809 57.9555 88.8999 7.62837 3.55709 0 2.38568 6.52901 4.44322 
-34.1012 48.8572 79.9992 66.0235 -77.9546 -24.2035 -12.0807 15.4389 58.515 86.5193 9.07452 2.3584 0 3.08465 7.37756 4.57675 
-29.749 48.9796 80 62.8429 -87.4737 -19.7643 -19.9372 14.4238 58.3081 86.8075 7.78892 1.65792 0 1.91418 8.56548 0.246566 
-27.2445 44.1835 76.5069 56.4613 -89.4638 -13.3683 -20 14.5811 55.9833 87.3455 7.74606 0.921877 0 1.40082 7.56287 1.74023 
-31.2086 47.9424 73.6117 66.7773 -71.8958 -24.3936 -8.60841 15.1623 58.0531 86.3493 8.5327 2.09466 0 2.23818 9.58067 6.39593 
-19.5603 41.939 64.2104 56.2835 -88.9813 -8.2648 -20 14.3794 55.4391 89.4949 4.33941 1.39812 0 2.52338 7.87395 3.60045 
-35.0051 49.4747 80 67.5537 -75.6176 -25.6011 -9.73561 13.5519 58.3084 87.6494 7.31598 2.93717 0 1.77243 6.72109 7.69886 
-25.2267 46.2 73.2747 59.7111 -85.8959 -16.2802 -20 14.6332 56.4981 87.7439 5.5094 0.0778469 0 1.33556 5.97714 4.12861 
-30.2486 49.247 80 63.4528 -86.326 -20.3232 -18.7263 13.9744 56.1906 87.467 7.24086 0 0 1.28928 8.09015 2.13003 
-30.0833 48.9019 80 63.0928 -86.9131 -20.2667 -19.438 12.882 57.1707 86.8888 11.0424 0.0832236 0 1.75268 6.38543 4.06236 
CFGSPACE_RIGHT_ARM
-20.4093 32.7034 43.6399 58.7337 -48.6867 -12.1599 -0.282633 31.658 69.4035 86.1468 0 0 2.43873 0 28.3175 61.9447 
-27.0431 46.7427 67.4705 66.3056 -69.3756 -22.9443 -8.31352 19.2823 60.2756 87.0252 0 0 3.87866 0 14.6905 20.4823 
-25.8504 48.6495 67.2687 68.7366 -73.6246 -22.943 -12.0753 18.9305 64.7889 83.4303 0 0 7.88535 0 14.2727 10.1012 
-23.0885 46.3366 65.2861 64.5761 -77.1787 -18.9779 -14.3348 19.8224 62.6749 82.9878 0 0 3.87332 0 17.9356 17.1033 
-30.0014 50.7439 71.1756 72.1968 -70.7119 -26.8026 -9.56559 17.7656 62.4257 85.7136 0 0 6.04632 0 13.5469 10.2563 
-22.6804 44.9337 67.5537 60.1197 -81.5028 -16.3532 -17.2157 18.7062 62.1388 84.6014 0 0 0.442144 0 19.3678 20.6442 
-32.4221 48.9934 73.8996 69.1578 -68.4347 -26.3153 -6.70721 16.6159 59.5341 86.7054 0 0 4.37702 0 13.8077 11.1481 
-25.2828 50.9375 67.9665 71.7535 -78.1474 -23.472 -16.829 18.3348 63.6496 84.0764 0 0 4.70746 0 13.9463 10.7417 
-33.6381 52.1613 73.2606 75.7018 -65.7991 -30.0506 -4.55066 16.0189 61.8463 86.1122 0 0 4.34694 0 12.8616 11.8625 
-33.3406 54.3145 75.4399 75.7901 -66.6337 -31.7092 -2.84009 15.393 60.5138 87.5154 0 0 4.61452 0 11.1621 10.1149 
-30.398 47.7748 72.2614 67.0879 -70.9795 -24.3076 -8.062 16.585 59.4052 87.839 0 0 4.46641 0 11.0974 12.9606 
-22.0556 44.5231 68.5331 58.4031 -85.1999 -14.223 -19.9907 18.4118 61.321 82.9558 0 0 2.62045 0 14.3272 18.1632 
-35.7728 51.4582 79.9996 71.1688 -72.7318 -28.7678 -6.96034 15.7958 60.6399 86.7044 0 0 2.56749 0 10.7007 8.60867 
-23.4925 48.7275 68.2968 66.9262 -83.3144 -19.0002 -20 17.3026 61.6271 84.2072 0 0 3.76453 0 10.601 11.0926 
-35.3906 49.5105 79.9992 68.3998 -74.4789 -26.6442 -9.26222 14.9005 60.0791 88.6015 0 0 6.18598 0 10.6987 8.22354 
-28.9941 52.4489 70.5015 74.928 -74.1521 -27.2354 -13.2901 16.8579 63.1455 85.755 0 0 4.00428 0 11.2015 11.4287 
-27.7427 47.2056 71.2819 64.8015 -75.743 -21.8676 -12.0819 17.7294 61.4872 84.9637 0 0 6.60042 0 13.378 12.7844 
-23.812 45.9939 71.1615 60.1111 -85.0116 -16.3974 -19.984 18.3859 62.2103 84.6916 0 0 2.45135 0 12.7913 12.9498 
-31.079 49.1423 79.9995 64.6804 -85.6887 -21.2673 -18.0887 17.3128 62.5475 85.3841 0 0 4.57908 0 9.56849 10.0652 
-24.8251 52.0784 67.617 74.0688 -81.0026 -23.3297 -19.999 16.6538 61.1709 85.5987 0 0 5.66976 0 9.83249 8.80041 
-30.2067 47.4153 74.0696 65.2564 -75.5891 -22.8984 -11.183 15.5151 59.7819 88.6598 0 0 3.37471 0 9.50001 8.71915 
-32.4344 54.1449 72.6995 78.3148 -69.8619 -30.7174 -9.38921 16.0134 62.2805 86.4495 0 0 4.20188 0 11.7214 7.5741 
-21.1794 41.8201 65.9617 55.4128 -84.3667 -11.6787 -19.6772 19.3457 59.5172 84.9977 0 0 5.21735 0 11.6294 14.9526 
-29.5501 48.8788 71.782 68.6889 -73.1365 -24.5855 -10.2409 16.528 61.1555 87.4403 0 0 4.35161 0 11.1018 10.1624 
-31.8038 49.1421 73.22 69.6482 -69.5548 -26.1789 -7.86839 16.6132 61.1594 87.1407 0 0 3.75153 0 9.95552 10.8341 
-24.4978 46.2695 68.6652 62.5029 -78.3796 -18.9129 -15.3144 15.7638 61.234 86.3086 0 0 5.18867 0 14.7576 24.7149 
-27.6822 54.8024 69.9402 78.1796 -78.1302 -27.967 -17.6753 15.7161 61.772 85.6739 0 0 3.66632 0 9.88977 10.1928 
-31.6093 48.5478 73.9037 67.9966 -71.0584 -25.3182 -7.69992 14.9096 59.8194 88.6863 0 0 4.06431 0 11.506 10.9284 
-31.5217 50.779 80 67.6396 -86.1035 -22.3728 -20 16.8444 61.9134 85.2778 0 0 3.33448 0 8.23661 13.3378 
-35.6579 53.9563 80 74.261 -71.5221 -31.4038 -6.11484 13.6524 60.7626 88.4735 0 0 2.44805 0 9.41426 13.1682 
-29.6846 47.8559 80 61.6878 -88.288 -18.6495 -20 16.7721 61.9987 84.7233 0 0 3.13558 0 8.09167 8.99995 
-29.3331 47.5718 72.7756 65.5373 -74.6525 -22.9197 -11.4656 16.1906 61.7168 86.2459 0 0 6.0703 0 13.7199 12.2231 
-24.0228 45.4014 71.5092 59.3267 -85.8059 -15.777 -19.9748 15.3715 61.8489 86.849 0 0 2.10523 0 13.1793 19.9386 
-26.2286 56.1074 67.7761 81.2246 -80.0979 -27.9499 -20 15.705 61.6921 85.9488 0 0 4.01876 0 8.88968 7.18003 
-32.0569 48.2997 76.0275 66.5684 -74.5915 -24.3695 -10.7093 14.4159 59.8679 89.0476 0 0 4.09291 0 8.13115 8.11694 
-38.0919 55.0145 77.5733 79.7873 -62.9874 -33.6881 -0.14158 15.5667 64.099 86.2147 0 0 1.34366 0 11.9206 6.44924 
-29.9106 50.5682 72.3005 71.3253 -74.4718 -25.729 -12.1439 16.0461 61.9453 87.1738 0 0 3.89871 0 10.1157 10.8114 
-24.2857 46.3117 73.7392 59.5411 -89.8547 -14.9505 -20 18.2426 61.817 84.346 0 0 0.270585 0 10.474 11.6538 
-28.5135 48.1764 73.2563 65.4871 -77.4289 -22.6564 -12.6626 18.1571 59.1601 84.7411 0 0 10.554 0 5.55384 14.9749 
-35.5825 56.0924 74.2066 82.3315 -64.6958 -34.1892 -3.8369 15.5468 61.8236 86.342 0 0 2.38957 0 11.4311 8.2334 
-35.6917 51.436 80 71.0581 -72.7122 -28.7572 -7.57865 13.717 61.3981 89.3099 0 0 3.44365 0 7.42967 12.4603 
-21.5194 45.6439 66.1521 62.3983 -85.4361 -14.2534 -20 17.2272 61.5573 84.7216 0 0 4.53772 0 10.5917 16.3019 
-33.6029 48.3808 80 65.2942 -79.3259 -23.3444 -13.2425 13.9599 59.5219 88.9518 0 0 3.80784 0 8.67377 5.58718 
-30.8937 47.8319 73.1494 67.0102 -71.6544 -24.4459 -8.35952 16.0792 60.1403 88.0242 0 0 3.69327 0 9.00777 11.4952 
-31.8494 48.4525 73.8142 68.1319 -70.1429 -25.5435 -7.56286 15.869 60.2981 87.6336 0 0 3.31541 0 9.74654 11.6492 
-29.3876 48.2871 78.6959 62.814 -86.0327 -19.9741 -19.3877 16.497 62.0123 85.6294 0 0 4.04028 0 7.83831 10.1665 
-29.2723 47.9709 73.7205 65.3753 -76.5951 -22.6823 -12.7351 16.5494 60.1747 85.1822 0 0 7.27786 0 8.60733 11.4865 
-27.6648 47.4784 76.932 61.5556 -86.9752 -18.3693 -19.9133 15.2819 61.9642 84.7794 0 0 3.83875 0 6.49724 8.03808 
-36.0549 58.635 80 80.2045 -67.92 -36.0605 -1.89072 13.3028 61.9107 87.1602 0 0 3.47266 0 7.23994 12.2659 
-25.0521 49.2792 70.3975 67.2856 -82.5319 -20.8323 -19.5769 17.1997 61.9095 84.6544 0 0 4.40313 0 11.2292 11.311 
-37.2568 50.1674 80 70.7866 -69.5377 -28.7433 -5.17563 15.743 61.3509 87.7745 0 0 2.21913 0 11.1151 12.686 
-34.6357 48.4255 80 66.301 -76.8152 -24.6919 -11.3232 15.5095 57.6001 88.4037 0 0 5.27978 0 7.94643 8.21648 
-28.6325 47.6463 74.874 63.6187 -80.5528 -20.8476 -15.5947 16.6398 61.7287 85.3824 0 0 5.77955 0 10.8419 12.1919 
-33.1933 50.9123 73.735 73.2894 -68.564 -28.2531 -6.52133 15.8027 61.1178 87.1503 0 0 3.315 0 9.9157 9.32709 
-20.9895 41.955 67.3189 54.5555 -87.8019 -10.0231 -20 16.9783 59.0452 86.7864 0 0 2.68406 0 9.40239 15.5491 
-31.1848 56.7264 71.7488 82.1576 -73.4713 -32.1509 -13.0007 14.7038 61.3703 86.3518 0 0 2.6396 0 9.87018 10.3474 
-22.9338 44.8492 71.6347 57.6454 -89.82 -12.7684 -20 16.4687 60.0632 86.2179 0 0 1.34945 0 7.35371 12.4173 
-28.4427 50.6384 71.2865 71.4212 -76.7863 -25.1824 -13.9983 15.7482 62.3078 86.4205 0 0 3.15883 0 10.8171 9.99609 
-31.3883 47.8334 73.7642 66.9705 -71.8498 -24.456 -8.44351 14.9759 59.8102 88.4223 0 0 3.95636 0 10.252 12.3106 
-39.085 59.875 80 86.2174 -72.5844 -36.6915 -9.4973 14.9285 60.7225 86.9977 0 0 4.29982 0 8.21258 9.55894 
-21.0546 40.6378 67.7092 52.4313 -89.9932 -7.79007 -20 16.4604 58.6493 87.7005 0 0 0.825699 0 7.86779 5.54876 
-25.4248 46.526 72.1063 61.4139 -82.9623 -18.07 -18.2777 16.4111 61.2864 86.7983 0 0 1.66349 0 16.9089 16.4623 
-31.6694 51.8292 72.928 74.3975 -71.9898 -28.3269 -10.187 15.5005 61.9366 86.8728 0 0 2.85076 0 10.0181 8.7719 
-25.2655 48.5874 73.0381 64.5546 -87.1411 -18.5808 -20 16.6343 61.4757 84.7236 0 0 2.51232 0 12.36 10.6427 
-28.3804 52.9887 71.5473 74.6993 -78.4286 -26.5402 -16.4148 15.5094 62.087 86.466 0 0 4.0527 0 9.42985 10.0848 
-40.7965 51.2034 80 75.5439 -59.311 -32.6199 3.52721 13.9884 63.5064 87.2815 0 0 0.496049 0 8.36267 6.74595 
-29.0788 48.171 80 61.6548 -89.8834 -17.882 -20 14.3231 59.4884 85.6959 0 0 0 0 12.4575 15.7771 
-34.8046 49.8745 76.4257 71.0612 -69.0381 -27.974 -5.71041 15.5818 61.4759 87.5216 0 0 3.33814 0 8.89246 13.1273 
-29.9219 47.5055 72.5051 66.1777 -72.7461 -23.6141 -9.83187 16.1842 60.6619 87.7269 0 0 5.11836 0 11.7559 12.0732 
-34.7184 50.9254 76.2332 72.1363 -67.0566 -29.0647 -3.51994 15.2591 59.4269 88.9934 0 0 4.85869 0 9.83219 7.54675 
-35.6951 51.2578 80 70.7223 -72.6922 -28.3868 -8.13019 14.0568 60.3583 88.0983 0 0 3.35241 0 8.20855 7.38832 
-32.7734 49.5801 75.6609 69.1599 -71.2992 -26.6288 -7.73866 14.2412 60.8416 88.3012 0 0 4.05915 0 8.98048 10.2263 
-19.3699 42.0025 63.2751 57.0508 -86.7347 -9.4474 -19.9999 16.677 61.3252 86.1457 0 0 4.85826 0 9.06785 12.361 
-29.4681 47.4923 80 61.0205 -89.0998 -17.7798 -20 15.6746 61.5357 86.6389 0 0 3.28533 0 10.3701 11.8898 
-20.8865 43.7785 66.4682 58.2311 -85.9235 -12.7041 -20 17.6343 61.3861 84.2572 0 0 4.5549 0 12.3561 16.2013 
-36.3678 56.329 80 77.9619 -70.2042 -33.6938 -4.34849 13.9203 61.6348 88.529 0 0 3.4576 0 11.7154 7.04829 
-22.8827 46.4554 68.4334 62.8967 -85.1194 -16.2232 -20 16.7977 61.5895 85.1754 0 0 3.96347 0 10.3041 13.663 
-21.9229 48.3973 63.9539 69.6666 -82.0342 -18.8243 -20 16.0697 60.6 85.487 0 0 4.26382 0 7.1911 9.56932 
-34.3496 49.2608 80 67.0614 -77.0973 -25.0409 -10.9783 14.5463 61.1635 89.5134 0 0 4.04972 0 8.83871 7.4365 
-38.8422 51.695 79.9969 74.1781 -64.4942 -31.4954 -0.511647 15.0379 61.1958 86.5998 0 0 8.50374 0 14.5385 7.62044 
-31.6503 48.5936 74.268 67.8035 -71.7738 -25.1265 -8.2458 14.5848 60.5053 88.5982 0 0 3.83423 0 9.39634 9.97889 
-28.1287 47.9174 73.7561 64.3243 -79.3714 -21.3442 -14.8477 16.3269 59.6878 85.3387 0 0 7.42156 0 6.675 13.5369 
-38.0645 55.0631 80 78.7003 -71.0897 -32.8235 -6.95936 15.6902 61.6475 86.8198 0 0 1.17037 0 11.6729 5.09853 
-28.614 48.4005 72.1075 66.7548 -75.7869 -22.87 -12.5706 16.4081 61.623 85.5699 0 0 5.47998 0 13.3025 11.3057 
-30.3385 50.043 78.1402 66.6048 -83.9433 -22.2814 -18.8491 16.6909 62.3537 85.6028 0 0 4.54185 0 8.13809 11.3359 
-21.4463 42.3407 67.2928 55.3693 -86.024 -11.1741 -20 16.2807 59.5627 87.2821 0 0 3.16809 0 8.24726 6.34346 
-29.8158 48.322 80 62.3759 -87.6321 -19.3779 -19.9994 15.2798 62.2427 85.2046 0 0 3.26875 0 6.91215 9.12371 
-30.2162 48.9748 78.4363 64.5048 -83.3021 -21.913 -17.4693 16.9173 61.68 85.2203 0 0 4.08646 0 9.94996 8.33642 
-25.0404 51.1108 69.5975 70.7863 -82.428 -22.0126 -19.9987 16.5227 62.3414 84.6707 0 0 5.46914 0 10.4119 10.5579 
-36.6929 50.3825 80 70.4996 -70.9654 -28.2746 -5.792 15.4462 58.8514 88.5259 0 0 4.70733 0 10.6372 7.2969 
-36.898 53.175 80 75.1837 -73.6564 -30.3248 -8.48458 15.6191 61.0306 87.3764 0 0 1.94948 0 8.95023 6.05941 
-33.9672 48.606 80 65.9208 -78.3581 -24.0341 -12.3382 14.2832 58.3688 88.9981 0 0 4.31444 0 8.73871 7.10159 
-30.6988 48.9153 72.6789 68.841 -71.9707 -24.9008 -9.60794 15.8095 60.7296 87.6101 0 0 3.99207 0 9.11387 11.7275 
-27.2201 46.9715 76.7184 60.6352 -87.9988 -17.1729 -20 15.477 61.816 85.8403 0 0 3.65299 0 7.97388 10.7293 
-31.7807 48.4334 80 64.0634 -83.6878 -21.6462 -16.0957 14.9402 58.2067 88.6414 0 0 4.17894 0 10.5901 11.6333 
-34.8213 49.4344 80 67.7171 -75.8562 -25.8102 -10.5374 13.9644 60.5348 88.6399 0 0 4.02237 0 8.25093 8.44284 
-18.8701 39.5494 64.456 51.1378 -89.9945 -5.76912 -20 16.1988 60.0634 86.3015 0 0 3.019 0 7.94446 12.3749 
-23.1091 44.5898 70.2952 58.1111 -86.2105 -14.1388 -20 18.1969 60.676 85.8732 0 0 3.44574 0 10.4496 9.82802 
-35.7785 56.0531 80 76.9497 -70.1683 -33.5361 -4.09142 12.9 61.3523 87.9217 0 0 2.36474 0 7.49254 12.1206 
-35.8539 50.3188 80 69.6493 -73.1466 -27.3554 -7.52956 16.0272 59.9959 86.627 0 0 2.72424 0 9.80367 7.46235 
-24.9118 47.5942 72.3571 62.7554 -85.3191 -17.9216 -20 17.0031 61.8114 85.0273 0 0 3.09054 0 12.037 11.0919 
-29.4665 47.8473 73.9143 65.249 -76.6548 -22.6094 -12.3211 16.0315 61.754 85.2652 0 0 4.30862 0 13.2068 11.2993 
-31.7028 48.6998 80 64.1626 -83.4033 -21.5909 -16.5507 15.7877 60.1668 85.0385 0 0 8.35613 0 6.01014 10.7922 
-29.4921 49.3553 72.2692 69.2085 -74.9189 -24.6505 -11.723 15.2801 61.4399 87.6226 0 0 4.02365 0 11.6978 12.7131 
-32.3531 47.9945 74.5915 67.3605 -70.9708 -24.9447 -7.76337 15.7276 59.0419 87.5898 0 0 4.18183 0 9.37977 9.64931 
-35.9121 52.4977 80 72.5318 -71.6803 -29.8601 -6.43158 15.0499 61.0594 87.3072 0 0 1.93749 0 9.375 7.91556 
-20.642 42.3678 68.0095 54.507 -90 -9.24024 -20 16.4068 59.6456 86.4649 0 0 4.53439 0 6.46709 11.0293 
-31.4237 48.9314 80 64.2697 -83.7197 -21.7005 -17.1246 16.2816 61.8143 85.6177 0 0 2.52028 0 8.62218 8.19025 
-32.7774 48.7769 76.2576 67.6263 -73.1345 -25.3024 -9.22133 15.5551 58.566 88.7603 0 0 3.22652 0 12.3697 8.83376 
-42.1875 57.4874 79.9999 85.5489 -61.0162 -37.6516 1.61673 15.144 62.1512 86.8691 0 0 3.21579 0 9.60748 6.56167 
-32.4274 49.0003 74.416 68.9147 -69.804 -26.2122 -7.04105 15.5078 59.795 87.6653 0 0 4.22723 0 10.6969 11.7599 
-29.6198 49.2868 77.9119 65.3483 -85.3682 -21.2467 -19.4752 16.3461 61.6048 85.2235 0 0 3.70609 0 6.99132 11.7065 
-21.1336 41.5026 67.3697 53.9427 -88.0328 -9.49402 -19.9998 17.3226 59.4277 86.7439 0 0 2.63425 0 9.25872 11.35 
-29.7658 48.4504 80 62.4868 -87.7045 -19.3834 -20 15.8262 62.4401 85.9657 0 0 1.70859 0 7.31695 6.46767 
-31.99 48.9564 73.9385 68.7916 -69.9205 -25.9533 -7.09126 14.8966 60.2067 88.2762 0 0 5.76336 0 10.2935 11.2604 
-34.8956 49.6675 76.8865 70.2421 -68.606 -27.8381 -5.15598 15.3743 60.3089 87.6147 0 0 2.65485 0 9.03596 11.0306 
-34.3884 48.8317 80 66.5374 -77.3553 -24.5715 -11.1811 14.9788 60.414 88.9629 0 0 4.15134 0 10.6874 12.6446 
-31.9676 51.57 80 68.966 -84.7153 -23.7362 -19.6293 16.5218 61.7084 86.0995 0 0 3.59488 0 9.30928 10.5678 
-22.2233 44.2481 69.3066 57.5635 -86.6433 -13.2376 -20 17.5503 60.7645 85.8963 0 0 4.51049 0 10.579 9.55335 
-21.3392 42.0859 67.2551 54.9877 -86.5332 -10.7565 -20 16.9322 59.1156 86.1873 0 0 1.87647 0 9.57808 13.2354 
-28.9853 47.6188 73.1949 65.0916 -76.3402 -22.5301 -12.748 16.6478 60.7854 85.4646 0 0 5.00285 0 11.8851 11.3697 
-27.2191 47.646 74.3982 62.802 -82.6787 -19.6523 -17.7053 16.0965 60.9431 87.7605 0 0 2.4077 0 15.1425 17.6103 
-23.023 52.0732 63.8091 76.6016 -80.676 -22.9909 -20 16.0244 61.3304 86.5064 0 0 4.8751 0 6.35716 10.4007 
-29.278 47.9417 80 61.5194 -89.3591 -18.0933 -20 15.2935 61.6254 86.0835 0 0 1.721 0 9.364 12.0551 
-35.9961 53.9596 80 74.5093 -70.8893 -31.4856 -4.92755 14.1154 61.4819 88.4513 0 0 5.05552 0 9.33863 9.88576 
-25.2249 49.3959 72.4455 65.6295 -85.3506 -19.1868 -19.9783 16.3647 61.099 84.7423 0 0 2.38741 0 9.7507 9.31622 
-28.7001 47.7396 74.7594 64.0659 -80.2191 -21.4949 -15.201 16.124 60.5885 84.7022 0 0 9.47055 0 1.55353 3.4784 
-31.7662 49.2686 80 64.9601 -82.9026 -22.3473 -16.442 15.0281 59.5592 85.5291 0 0 8.04256 0 5.83491 8.88645 
-37.8125 51.7437 80 73.18 -67.1466 -30.5304 -2.80357 15.0966 59.7552 90 0 0 4.60635 0 10.5243 5.56609 
-32.6503 49.5214 80 66.0358 -80.9557 -23.5937 -14.2577 17.4759 59.8676 85.4926 0 0 8.19186 0 5.32563 11.0973 
-29.5592 48.2124 80 62.0124 -88.4041 -18.7327 -19.9996 15.5729 62.0543 86.7462 0 0 1.96546 0 8.40533 6.17617 
-23.4547 45.7084 71.3666 59.455 -86.7044 -15.5192 -20 16.8526 62.16 84.9795 0 0 2.19974 0 13.2626 16.3916 
-35.4947 49.1697 80 67.9008 -74.5563 -25.9618 -8.89316 14.2434 60.1901 88.4826 0 0 3.75944 0 9.13135 8.26337 
-29.711 58.4553 70.4484 84.7923 -76.8961 -32.2252 -17.6579 14.9231 59.7996 85.4294 0 0 3.13945 0 8.25718 7.75127 
-18.7891 43.8586 59.7665 63.1783 -83.1636 -12.001 -20 16.0127 61.5623 86.4643 0 0 3.19335 0 8.28237 14.474 
-29.3298 45.998 80 58.6519 -90 -15.3566 -19.9999 15.6948 61.7252 85.8365 0 0 1.88629 0 8.54548 11.3469 
-35.3418 50.7622 80 69.935 -74.0399 -27.7744 -8.56106 14.046 60.5912 89.1608 0 0 3.35059 0 7.88479 11.0676 
-31.0854 47.9584 74.4088 66.3772 -73.8159 -23.8871 -9.93027 15.3843 59.3027 87.3163 0 0 2.50316 0 8.75926 8.04838 
-22.5592 44.0021 70.1781 56.9443 -88.0223 -12.5115 -20 16.3455 60.4916 85.3286 0 0 2.09938 0 7.42991 9.84936 
-29.7657 48.649 79.2537 63.2552 -85.8275 -20.6483 -19.9993 16.543 62.1884 85.6655 0 0 3.56197 0 8.11269 9.06715 
-33.4643 48.9486 80 65.9346 -79.5013 -23.7392 -12.743 15.2729 59.719 86.9303 0 0 3.32078 0 8.94579 8.24165 
-33.2183 48.5832 80 65.1887 -80.1086 -23.0156 -13.8129 15.5716 60.5838 86.7916 0 0 2.91182 0 9.87269 9.65601 
-22.4862 44.0799 69.2966 57.5481 -86.0841 -13.4941 -19.9999 16.3121 59.9129 86.4325 0 0 3.38488 0 9.50691 4.70369 
-39.6033 52.5993 79.9997 76.3837 -63.3651 -32.9916 1.26939 14.6408 63.6855 86.0473 0 0 3.26727 0 11.0676 5.37961 
-32.3612 48.4826 80 64.4895 -81.9277 -22.3972 -15.7583 14.9657 59.9937 88.2454 0 0 4.81009 0 9.83365 10.8246 
-22.8344 44.6678 70.3594 58.0266 -87.1132 -13.7726 -20 16.7975 61.6521 85.7838 0 0 1.97795 0 9.38199 12.9555 
-32.697 49.1411 75.1438 68.8788 -70.6998 -26.3227 -7.22522 14.3121 59.7155 89.1376 0 0 4.4104 0 9.67504 8.68268 
-30.84 50.5539 80 66.7742 -87.6181 -21.2306 -20 16.014 61.8382 85.5631 0 0 3.03048 0 6.86214 14.6107 
-29.5498 48.4114 80 62.2941 -88.3198 -19.0153 -20 15.1386 62.1787 86.027 0 0 2.04803 0 8.37114 11.5808 
-35.5029 50.1305 80 69.2565 -74.0959 -27.1795 -8.03505 15.7965 60.7122 86.0841 0 0 1.80907 0 11.3305 7.46931 
-20.3322 42.6029 64.6559 57.3644 -85.37 -11.1225 -20 15.9765 61.1468 85.5145 0 0 4.94452 0 11.179 13.9882 
-30.2014 49.0535 80 63.6099 -86.337 -20.7035 -19.4909 15.4306 62.2526 84.8819 0 0 5.58266 0 9.82427 10.8995 
-36.3014 50.3519 80 70.4461 -73.4859 -27.5235 -8.44046 15.6555 60.2678 87.7288 0 0 3.23558 0 7.92961 11.9471 
-29.7495 48.3612 80 62.4304 -87.8603 -19.3964 -19.9976 16.7493 61.6776 85.4408 0 0 2.61446 0 7.82121 7.82981 
-29.7085 49.1625 80 63.4564 -87.5209 -20.2758 -19.9992 14.7492 62.9399 85.3185 0 0 3.98036 0 8.30369 9.3638 
-33.0764 48.8196 76.7156 67.651 -73.4261 -25.3934 -9.08957 13.6635 60.4732 89.1042 0 0 2.24233 0 8.58298 7.40018 
-27.1315 47.2365 76.2348 61.1142 -86.8839 -17.6821 -20 15.7578 62.082 86.0253 0 0 2.60546 0 7.6664 9.6811 
-33.3774 48.9529 80 65.7847 -79.7159 -23.4445 -13.011 16.0335 61.2702 86.2761 0 0 1.77443 0 12.1718 10.5747 
-35.651 53.1142 80 73.0556 -71.9231 -30.2241 -6.64179 13.4087 61.3863 88.5097 0 0 2.89955 0 7.5425 10.8745 
-24.0383 46.6488 71.4116 61.7084 -86.0834 -17.2066 -20 16.6522 61.5586 84.3402 0 0 2.89556 0 10.9765 10.8589 
-33.9525 48.6476 80 65.9282 -78.5036 -23.9015 -12.0538 14.3846 60.9886 89.2088 0 0 3.81777 0 8.74897 6.20244 
-33.5544 48.8694 80 65.8791 -79.1135 -23.818 -13.0329 15.2737 61.0232 87.0769 0 0 3.644 0 10.9516 10.6449 
-18.8999 36.8059 62.9273 47.5117 -89.9334 -2.58712 -20 14.7133 59.5217 87.782 0 0 1.65421 0 6.77882 5.82467 
-36.0262 50.6613 80 70.3999 -73.2107 -27.7044 -8.25485 15.9518 59.9473 88.0241 0 0 3.05011 0 9.09319 8.15492 
-21.8241 47.9184 65.7501 66.8707 -83.7441 -17.9066 -20 15.7645 61.1537 86.3926 0 0 5.15478 0 5.2722 9.75247 
-35.804 51.8807 80 71.5949 -72.3009 -28.9779 -7.04625 14.8018 60.565 87.576 0 0 1.98709 0 10.1421 6.18199 
-25.7264 46.5644 72.3204 61.507 -82.4965 -18.3084 -18.2308 14.6146 60.2383 88.815 0 0 3.51657 0 12.2994 17.3834 
-34.9922 50.1717 80 68.6711 -75.0599 -26.4197 -9.96934 13.6719 60.5525 88.6495 0 0 2.02255 0 8.67751 7.85331 
-33.4522 49.8382 75.9863 69.8322 -70.3959 -27.169 -6.76491 14.7913 60.4035 87.2424 0 0 3.47613 0 6.58286 9.4412 
-34.7351 49.4691 80 67.7217 -76.1578 -25.7786 -10.5553 14.7168 59.6893 89.5312 0 0 4.53723 0 9.97496 7.96394 
-31.2948 49.3971 80 64.7737 -83.8234 -22.0231 -17.2816 14.7009 59.5481 85.7131 0 0 6.99557 0 4.89616 8.94534 
-33.3864 48.1163 80 64.8407 -79.8098 -23.0976 -14.0475 13.4763 61.0398 88.0846 0 0 4.2931 0 8.40381 5.57883 
-28.5996 47.9551 74.3608 64.3562 -79.4011 -21.5512 -15.0424 15.7318 59.7968 84.9859 0 0 7.87451 0 3.0583 8.47945 
-34.5811 49.2236 80 67.1703 -76.4315 -25.2518 -11.3791 14.7234 59.6985 88.3435 0 0 4.28075 0 8.17736 5.82677 
-22.1426 45.5501 68.5339 60.583 -86.2148 -14.8396 -19.9999 16.8899 62.3086 84.7408 0 0 7.92528 0 10.7589 12.2356 
-29.1147 47.944 80 61.4464 -89.7743 -17.9486 -20 15.7794 61.5042 86.2704 0 0 2.03637 0 9.54309 11.058 
-32.8685 49.3502 80 65.9511 -80.4657 -23.6164 -14.355 16.5891 60.1932 85.3474 0 0 7.39181 0 5.03335 10.0827 
-28.6299 47.592 73.2696 64.6501 -77.4625 -21.8794 -13.2793 15.6148 61.8307 85.8601 0 0 2.97237 0 12.7138 10.9036 
-33.6123 48.9498 79.9999 66.1217 -78.8968 -24.2148 -13.1498 15.2554 60.0837 86.9111 0 0 4.20762 0 8.45528 7.34703 
-26.0353 52.4686 69.3633 73.9516 -80.0418 -24.8015 -19.6573 15.8113 61.8064 85.8544 0 0 5.88806 0 10.5084 9.69503 
-31.276 54.2126 72.0282 78.4191 -72.5338 -30.3089 -10.9572 14.8905 62.0209 86.8615 0 0 1.43692 0 9.0379 9.43988 
-27.6402 47.6242 77.9625 61.3696 -89.9358 -17.347 -20 16.7983 61.6282 85.4634 0 0 0.91922 0 8.77701 10.3328 
-29.8941 48.7748 80 62.9812 -87.0995 -19.9605 -19.9998 15.5959 62.2005 86.1372 0 0 3.28342 0 7.25709 9.78487 
-26.6262 46.4987 75.8856 60.0501 -87.9941 -16.5365 -20 14.9866 61.5721 86.5432 0 0 3.53633 0 6.25345 8.14994 
-31.1325 48.4181 73.7444 67.5423 -72.0362 -24.8537 -8.38165 14.6905 60.3318 88.4982 0 0 4.52639 0 9.51863 9.82687 
-29.1887 48.145 73.4741 65.5916 -76.3019 -22.6084 -12.4417 15.611 61.2934 86.9234 0 0 7.75493 0 12.6865 11.0086 
-37.003 62.6807 80 85.6647 -62.9652 -40.1654 4.28052 12.9835 61.7571 88.2598 0 0 0 0 7.12648 7.08501 
-33.4863 49.02 80 65.9562 -79.1796 -23.779 -13.4153 15.6204 60.4543 86.3296 0 0 0.880993 0 11.388 10.1138 
-25.1286 46.046 74.0337 59.3541 -88.2597 -15.2137 -19.9997 16.2206 61.9522 84.9416 0 0 0 0 8.58741 8.60661 
-20.4535 40.8337 67.0736 52.5388 -89.9995 -7.43061 -20 15.7976 58.7286 87.4036 0 0 5.37729 0 6.71606 11.4727 
-29.1688 47.5599 79.9992 60.955 -89.92 -17.4798 -19.9671 14.9959 60.5446 85.8562 0 0 1.24922 0 15.3042 10.8853 
-34.3938 51.1615 80 70.0857 -78.765 -26.0666 -13.2955 15.2074 61.3314 88.0727 0 0 3.46353 0 8.69736 10.2473 
-29.5682 48.2718 80 62.104 -88.4039 -18.7933 -20 15.8551 61.2271 85.9577 0 0 4.07721 0 6.43222 6.91065 
-21.2132 43.4816 67.699 56.7832 -86.5895 -12.2653 -20 16.7663 59.885 86.3096 0 0 2.20248 0 9.85929 8.02586 
-30.9038 48.6048 80 63.4814 -85.1015 -20.7932 -18.0701 14.246 59.4747 88.1423 0 0 2.77269 0 11.5209 11.9023 
-35.2293 49.8335 80 68.5088 -74.8257 -26.3674 -9.2457 14.5811 60.4836 88.8581 0 0 3.89298 0 9.70238 8.78164 
-26.572 46.3605 75.6621 59.8688 -87.6867 -16.3352 -20 15.6461 61.5832 86.6108 0 0 0.637899 0 6.95931 11.2885 
-29.8103 48.8447 78.2542 64.0286 -83.8955 -21.1788 -17.747 15.3926 62.1658 85.2941 0 0 3.9907 0 8.71519 10.4275 
-29.7997 51.3517 77.2675 68.919 -85.4626 -22.0883 -20 15.6322 62.0435 85.198 0 0 3.28613 0 6.25899 13.3568 
-34.04 48.5985 80 66.0276 -78.2288 -24.2191 -12.2941 13.5359 60.1446 88.7849 0 0 3.01438 0 6.46622 6.36791 
-24.7233 45.2861 72.9084 58.7052 -87.2794 -14.9196 -20 16.1762 60.8636 86.1547 0 0 0.90875 0 7.49435 9.10617 
-35.8578 50.1224 80 69.4149 -73.1178 -27.244 -7.72025 14.3096 60.077 87.6158 0 0 3.82913 0 7.70243 8.27834 
-32.2482 51.0164 74.9488 72.0292 -74.1456 -27.1444 -11.206 15.3335 61.6765 87.3945 0 0 4.01078 0 8.44661 8.13364 
-29.3586 48.9175 77.0685 65.0424 -83.9188 -21.401 -18.9938 16.0691 61.8152 85.8393 0 0 5.46668 0 7.86963 10.4371 
-35.0665 49.0888 80 67.4465 -75.6977 -25.4706 -9.60865 14.8084 59.9277 88.9472 0 0 3.84958 0 8.94746 8.13064 
-29.7917 48.3173 80 62.3035 -87.6993 -19.2083 -20 16.1672 61.6953 85.304 0 0 2.68694 0 7.70278 9.39012 
-29.7183 49.3495 80 63.7461 -87.3667 -20.6237 -19.9451 14.6546 62.8666 84.6725 0 0 3.66934 0 7.34157 9.08478 
-35.1664 49.0205 79.8041 67.665 -74.5984 -26.0722 -9.86575 14.5239 60.8716 90 0 0 0 0 6.14575 7.36063 
-29.9527 48.3076 77.9334 63.5467 -83.1682 -20.8398 -17.4604 15.315 60.5843 84.8421 0 0 5.52645 0 7.4247 10.7393 
-23.743 45.7349 71.4802 59.4727 -86.2297 -15.4692 -20 16.0666 60.7898 86.8508 0 0 1.08504 0 8.9347 10.5716 
-31.0997 48.9779 80 64.1822 -84.6343 -21.4906 -17.6074 15.352 59.6099 85.2338 0 0 7.31205 0 4.88474 11.0453 
-29.6495 47.674 80 61.3648 -88.532 -18.2015 -19.9818 15.557 61.1713 86.8447 0 0 2.3901 0 8.14054 7.60748 
-29.9861 48.4666 80 62.7106 -87.0836 -19.8811 -20 14.9353 61.3894 86.0798 0 0 3.08518 0 6.86586 10.096 
-29.3133 48.3035 80 61.9989 -89.0567 -18.5069 -19.9996 14.8202 62.4145 86.3819 0 0 1.22987 0 8.94728 8.92199 
-30.134 49.2357 80 63.8256 -86.2988 -20.9687 -19.7274 14.96 62.0654 85.6486 0 0 3.7865 0 7.41354 9.32652 
-34.6541 49.1694 80 67.211 -76.5088 -25.2474 -10.6864 15.746 58.7375 88.0985 0 0 1.05469 0 10.9095 6.74121 
-36.8738 52.376 80 73.3051 -69.4022 -30.7187 -4.20186 14.9439 60.2575 87.6584 0 0 3.70758 0 8.95181 10.1343 
-29.8144 48.9216 80 63.1009 -87.1794 -20.0003 -19.9967 14.83 62.7819 86.8196 0 0 1.75971 0 6.59606 5.92652 
-43.3941 53.6029 80 81.546 -54.8741 -35.4191 7.81222 14.2217 61.5051 86.251 0 0 3.37326 0 7.35171 8.90215 
-29.5375 48.7621 80 62.7585 -88.1933 -19.4093 -20 15.2022 61.1534 88.2303 0 0 0 0 10.4511 8.96986 
-36.4414 49.9187 80 69.8219 -71.694 -27.9652 -6.70228 14.9562 58.8065 87.9698 0 0 4.39871 0 8.79779 8.17114 
-34.1715 49.1357 80 66.7067 -77.6428 -24.6072 -11.622 14.7314 60.1928 88.9672 0 0 3.10822 0 11.0785 10.7387 
-34.1939 49.1201 80 66.6185 -77.4997 -24.4887 -12.2295 13.3453 59.831 88.9406 0 0 2.1558 0 6.46291 6.52005 
CFGSPACE_TORSO
3.51329 2.91208 -22 
1.14546 -2.13732 -22 
-0.172868 0.700492 -19.5113 
-1.86652 5.69503 -20.1536 
1.44782 -4.30296 -19.2338 
-3.51186 7.97479 -21.9992 
2.94067 -7.15509 -21.9971 
-1.12376 3.49205 -16.5425 
2.95974 -9.30562 -18.9879 
1.36048 -12.2221 -22 
2.09843 -3.62781 -22 
-4.81539 10.5346 -21.9065 
2.5236 -7.90918 -22 
-2.76326 8.46468 -17.5661 
2.90299 -5.6292 -22 
0.588349 -1.49783 -16.3696 
0.0931486 0.491344 -22 
-4.01008 8.01389 -22 
-0.980337 3.08977 -21.2121 
-1.17366 6.23768 -13.7124 
1.23331 -0.804126 -22 
1.6996 -6.44007 -16.1421 
-4.89455 13.0686 -22 
1.27967 -1.86872 -20.4508 
2.61268 -5.69467 -21.0519 
-2.00611 4.10589 -22 
-0.508272 1.18071 -13.4507 
2.33638 -4.7504 -22 
-0.868597 3.30112 -19.0989 
1.56584 -10.4548 -22 
-2.1876 5.49572 -22 
0.94779 -1.23536 -22 
-3.96201 8.97614 -22 
-0.532783 4.05943 -10.1851 
1.95645 -3.18277 -22 
3.23528 -14.3399 -18.9399 
1.03168 -1.6659 -18.6524 
-4.92884 10.5266 -22 
-0.181258 0.321863 -22 
2.27848 -11.4461 -15.8131 
2.49226 -8.00682 -22 
-3.88906 13.4832 -18.1252 
1.61911 -1.44145 -22 
2.18192 -3.55205 -22 
2.62886 -5.41399 -22 
-1.85916 3.81286 -22 
0.401038 -0.585183 -22 
-2.7254 5.93114 -22 
-0.0692453 -15.4955 -22 
-2.27997 5.87021 -18.4662 
4.15964 -9.51894 -22 
2.56815 -3.26389 -22 
-0.736646 2.15348 -22 
2.94271 -6.77194 -19.2781 
-6.01663 15.3629 -21.9925 
0.55906 -3.8429 -12.9815 
-5.53026 12.6432 -22 
0.259063 0.90733 -17.8141 
2.38035 -3.79241 -22 
1.16739 -8.89039 -12.6617 
-6.51857 18.0144 -22 
-2.67641 5.69024 -22 
1.87459 -4.04465 -17.6313 
-3.38397 8.22987 -19.7547 
-0.3193 1.10792 -15.7801 
6.14518 -17.0218 -22 
-2.9343 6.53945 -22 
3.6186 -7.69645 -21.0559 
1.63889 -2.40866 -22 
3.27814 -10.0543 -22 
2.56498 -8.05831 -22 
2.38975 -6.08036 -22 
-5.6153 18.2101 -19.195 
-2.40805 6.50091 -22 
-5.21109 13.4037 -20.8299 
1.00979 -12.0095 -20.8308 
-3.53553 10.8616 -19.0538 
-1.73304 11.3079 -14.1983 
2.0263 -3.278 -22 
4.6664 -13.6886 -22 
2.21467 -4.50465 -22 
-0.752603 1.45641 -22 
2.61773 -9.03884 -17.3487 
0.367837 -0.161229 -20.9358 
-0.976249 2.3501 -20.146 
-5.28124 13.5151 -22 
-2.09691 4.56969 -22 
-0.995111 1.43495 -22 
-1.99997 6.04032 -16.2064 
3.61136 -8.43673 -22 
2.65849 -6.64674 -18.5241 
1.89327 -2.20339 -22 
1.91297 -3.39946 -20.6581 
-3.10994 7.34156 -22 
-0.135793 1.63879 -22 
2.42995 -4.6141 -22 
-8.09294 20.4009 -22 
-4.50721 10.5217 -22 
0.81707 -12.4517 -22 
2.96303 -6.90585 -22 
-3.41423 7.29603 -20.8118 
0.500655 -0.305563 -22 
-0.279011 1.29383 -22 
0.952648 -0.851494 -19.7527 
2.85273 -4.68505 -21.9955 
2.27063 -9.35414 -22 
-6.87391 16.5622 -22 
-0.589145 1.40547 -22 
2.36919 -4.56963 -22 
3.37869 -16.4542 -15.5946 
2.74441 -6.37609 -22 
-1.40376 4.01842 -20.335 
-5.95158 15.8211 -22 
-2.17425 4.52333 -22 
2.55806 -6.03229 -22 
3.62133 -8.35771 -21.9994 
2.19002 -2.97072 -21.9999 
-0.655147 1.62028 -18.9788 
-5.12515 11.6764 -21.9976 
-5.45066 14.1425 -22 
0.433066 -0.306213 -22 
-1.96548 3.78306 -21.9998 
-0.463969 9.20149 -10.6301 
-2.67415 6.38583 -22 
1.77337 -10.7119 -22 
-3.23856 6.55549 -19.5639 
-0.588265 1.78531 -22 
-0.32329 0.454425 -22 
3.92531 -11.8237 -21.9998 
0.434411 -0.932173 -22 
-2.38615 5.34554 -22 
-4.58417 9.69177 -22 
3.05117 -5.18704 -22 
-0.0931799 -1.02494 -9.93648 
-3.4131 17.4112 -15.2767 
-2.50603 8.87307 -22 
2.4421 -6.70579 -22 
1.79481 -2.64624 -21.9999 
-5.24974 12.633 -22 
-1.75862 2.99338 -21.9987 
1.31379 -1.49555 -22 
1.19335 -0.957345 -21.994 
-4.77683 11.2535 -22 
4.68335 -14.4901 -21.1404 
0.444835 0.288837 -22 
-4.89323 11.171 -21.998 
2.64375 -5.99184 -22 
-1.50353 4.95781 -19.296 
-2.41614 5.10917 -22 
2.74622 -6.00466 -22 
-5.08545 15.2009 -20.1315 
-1.79376 2.94697 -22 
3.28679 -6.14388 -20.7787 
-2.16758 4.66717 -22 
-2.31909 3.72132 -22 
2.42553 -4.49809 -22 
-2.96116 6.39642 -22 
1.22476 -1.40655 -22 
1.84809 -9.52227 -22 
-3.83122 8.96988 -20.9493 
1.84384 -2.03629 -21.9998 
1.43832 -1.79588 -21.9998 
-8.32048 23.2454 -22 
2.97556 -6.84144 -21.3398 
-3.05539 11.0753 -16.6374 
2.401 -8.544 -22 
-2.45491 5.29968 -21.9984 
2.33136 -5.66925 -22 
2.75331 -7.1967 -22 
2.344 -4.4465 -22 
-0.802653 1.02554 -22 
1.51339 -0.998887 -22 
-0.552071 1.14643 -22 
2.28694 -4.13152 -22 
-4.58852 11.6901 -20.3961 
-2.86287 6.79573 -22 
0.70063 -1.3598 -22 
0.0226077 0.572356 -22 
1.50403 -2.16814 -21.9998 
-1.14158 3.67881 -14.9224 
1.24168 -3.8329 -15.3188 
-3.37167 8.08289 -21.6945 
-2.07682 3.7984 -22 
-3.32528 8.11093 -22 
2.00713 -3.9094 -22 
0.377082 -0.888554 -22 
-1.44249 -20.4715 -22 
1.34596 -2.02936 -22 
-4.09465 9.38187 -22 
-6.98701 18.1989 -22 
-2.76351 7.16306 -21.9998 
1.48311 -2.56665 -19.8491 
-2.37959 5.23014 -22 
-5.59012 12.7614 -22 
-1.04065 2.59762 -22 
2.62412 -5.5005 -22 
-3.27257 8.08345 -22 
-1.32738 2.21287 -21.9995 
-1.31542 4.22744 -18.0381 
1.97908 -2.40065 -22 
-3.94812 9.70039 -22 
3.03974 -6.77319 -22 
1.81003 -3.42543 -18.862 
-1.18148 3.1481 -20.706 
2.70242 -4.28842 -22 
-2.13243 4.63481 -22 
-2.33213 3.49449 -22 
2.94822 -5.05352 -22 
-0.943804 2.18034 -22 
-4.31235 9.10364 -22 
-0.900711 1.84451 -22 
-2.21804 5.81813 -22 
-1.91709 3.95519 -21.9999 
-2.67898 5.86517 -21.9844 
-1.87805 2.74759 -22 
2.34114 -3.87204 -22 
3.02137 -10.7735 -22 
-2.1913 3.8211 -22 
6.00884 -19.7021 -18.9871 
-2.47026 4.67211 -22 
3.60966 -7.69572 -22 
1.91292 -3.00631 -22 
1.96199 -3.3998 -22 
WORKSPACE
0.0912028 -0.0124644 0.241359 
0.0899294 0.00748502 0.242249 
0.07425 -0.00378371 0.247462 
0.0752407 -0.0236857 0.24575 
0.0726453 0.0161515 0.247363 
0.0919356 -0.0323044 0.238895 
0.0880792 0.0273796 0.241386 
0.0579952 -0.0149334 0.250849 
0.0705088 0.0359573 0.245584 
0.0856834 0.0470609 0.238768 
0.0859683 0.0135368 0.243374 
0.0753257 -0.0431543 0.241161 
0.0860136 0.0303859 0.241679 
0.0584323 -0.0346795 0.247702 
0.100553 0.0203827 0.234085 
0.0565579 0.00500333 0.251473 
0.0852223 -0.00292647 0.243951 
0.0809503 -0.0331381 0.242365 
0.0802976 -0.0133177 0.245082 
0.041161 -0.0256483 0.25219 
0.100932 0.0019 0.23492 
0.0547844 0.0246007 0.250456 
0.0920868 -0.0518427 0.234618 
0.0779427 0.00654014 0.246247 
0.0803998 0.0217702 0.244483 
0.100707 -0.0166144 0.23429 
0.0398415 -0.00574756 0.253676 
0.0924563 0.0176975 0.240485 
0.0691737 -0.0141383 0.248067 
0.0996387 0.039301 0.231717 
0.0862917 -0.022876 0.242518 
0.084156 0.00400433 0.244197 
0.0999396 -0.0351152 0.232311 
0.023297 -0.0169551 0.254495 
0.0986625 0.0111947 0.236723 
0.0678404 0.055459 0.242041 
0.0678254 0.0057365 0.248917 
0.0867678 -0.0426755 0.23934 
0.0933397 -0.00226426 0.240759 
0.0524083 0.0441506 0.247867 
0.0968312 0.0300798 0.236085 
0.0587883 -0.0541917 0.243326 
0.0960637 0.0045351 0.239054 
0.0833602 0.013323 0.244014 
0.086364 0.020603 0.242714 
0.0860032 -0.0162357 0.243199 
0.0894966 0.00133021 0.242613 
0.0835735 -0.024727 0.243007 
0.0977006 0.0588514 0.227972 
0.0639193 -0.0244861 0.248058 
0.0811944 0.0370291 0.241776 
0.093735 0.0117684 0.24023 
0.0856476 -0.00958151 0.24368 
0.071624 0.0260716 0.246605 
0.0811968 -0.0616366 0.236268 
0.0380282 0.0141677 0.253677 
0.0821128 -0.0511882 0.238775 
0.062972 -0.00451724 0.249976 
0.090186 0.0140414 0.241849 
0.0356573 0.0339315 0.251735 
0.0962547 -0.0691138 0.225436 
0.0949828 -0.0231848 0.238385 
0.0614408 0.0152612 0.249751 
0.0697704 -0.0339032 0.245403 
0.0513626 -0.00541614 0.251958 
0.0804722 0.0660297 0.235159 
0.100435 -0.0258968 0.233515 
0.0782831 0.0298157 0.243974 
0.0854443 0.00869551 0.243763 
0.0912908 0.0384739 0.238177 
0.10016 0.0298681 0.233088 
0.0943658 0.0227947 0.238866 
0.0643544 -0.0723855 0.237162 
0.0905169 -0.026659 0.24047 
0.0704912 -0.0542108 0.240265 
0.0746161 0.0461095 0.241923 
0.0643051 -0.0441056 0.244514 
0.0415243 -0.0453228 0.248614 
0.100824 0.0113983 0.23468 
0.0872655 0.0528065 0.236808 
0.0876981 0.016943 0.242603 
0.0904564 -0.0067725 0.242102 
0.059284 0.0349072 0.247957 
0.0795174 -0.000311488 0.245766 
0.0745682 -0.0104148 0.246857 
0.0986887 -0.0522388 0.229171 
0.0807575 -0.0193486 0.243977 
0.0797324 -0.00684542 0.244786 
0.0525294 -0.0250872 0.250246 
0.0916033 0.03216 0.239118 
0.0658137 0.0255924 0.247851 
0.0936822 0.00762082 0.240469 
0.0775442 0.0126844 0.245954 
0.0865399 -0.0301789 0.24155 
0.0996991 -0.00739195 0.23603 
0.0973224 0.0168297 0.237392 
0.0805509 -0.080622 0.230013 
0.0935412 -0.0419487 0.236146 
0.0971534 0.0473374 0.232096 
0.0827634 0.0266135 0.242969 
0.0753085 -0.0302581 0.244484 
0.0831099 0.000283474 0.244444 
0.0870381 -0.00613578 0.243426 
0.0731641 0.00250951 0.247553 
0.0827958 0.017893 0.243803 
0.0867187 0.0359831 0.240602 
0.0783543 -0.0664127 0.235333 
0.0834291 -0.00662823 0.244298 
0.0778036 0.0174519 0.24434 
0.0495674 0.0634578 0.243489 
0.0858811 0.0244091 0.242469 
0.0748993 -0.0170476 0.246276 
0.0911324 -0.0622921 0.232069 
0.091088 -0.0188694 0.241088 
0.0908605 0.0228204 0.240779 
0.081821 0.032408 0.242378 
0.0884708 0.0108673 0.242735 
0.0687818 -0.00749262 0.24851 
0.0902495 -0.0467581 0.236933 
0.0872247 -0.056493 0.235822 
0.0864312 0.000252737 0.243661 
0.0974205 -0.0156181 0.237418 
0.0237091 -0.0367415 0.251611 
0.0806973 -0.0265622 0.243281 
0.0808261 0.0412566 0.241112 
0.0697016 -0.0273469 0.246462 
0.0949153 -0.00799946 0.239676 
0.0893891 -0.00281064 0.24267 
0.0920032 0.0452103 0.236358 
0.0918465 0.00268265 0.241516 
0.0905407 -0.0221291 0.241015 
0.0810786 -0.0397373 0.241287 
0.0896573 0.0195782 0.241637 
0.0215171 0.00295928 0.255 
0.0452482 -0.0688413 0.241893 
0.0866858 -0.036099 0.240584 
0.0981912 0.0249012 0.235749 
0.0809396 0.00974918 0.244573 
0.0790181 -0.0512374 0.23927 
0.0839643 -0.0130455 0.243913 
0.0822067 0.00511505 0.244553 
0.0806975 0.00299962 0.244786 
0.0993868 -0.0437125 0.230904 
0.0780869 0.0562053 0.238849 
0.0980543 -0.00219197 0.2376 
0.0816422 -0.0454726 0.24012 
0.0886919 0.0227747 0.241704 
0.0694808 -0.0207553 0.247386 
0.0795844 -0.0215402 0.243905 
0.0836202 0.0230292 0.243189 
0.0681835 -0.0609932 0.239435 
0.0876809 -0.0127713 0.24291 
0.0772436 0.0236909 0.245033 
0.084461 -0.01967 0.243311 
0.0896526 -0.0157813 0.241989 
0.0901003 0.016827 0.241695 
0.0870159 -0.026447 0.241885 
0.0869217 0.004666 0.243477 
0.0961823 0.0360796 0.235515 
0.0754237 -0.0368495 0.243386 
0.0996135 0.00666791 0.236101 
0.0851023 0.00626267 0.243929 
0.0942907 -0.0877001 0.218316 
0.0793379 0.0263791 0.24403 
0.0529612 -0.0447983 0.246811 
0.0883225 0.0327745 0.240552 
0.0989444 -0.0213461 0.235553 
0.0974857 0.0209491 0.23684 
0.0926401 0.0272674 0.239327 
0.100649 0.0158962 0.234496 
0.0890023 -0.00509461 0.242771 
0.0972186 0.0027595 0.238255 
0.0931581 -0.00550994 0.240808 
0.0947762 0.0151319 0.239358 
0.069976 -0.047526 0.242261 
0.0798211 -0.0282123 0.243192 
0.0898201 0.00439983 0.242434 
0.0813563 -0.00324643 0.244691 
0.0828548 0.00778319 0.244374 
0.046536 -0.0156697 0.252152 
0.0495585 0.0143033 0.252005 
0.0791318 -0.0333084 0.242861 
0.0825418 -0.0162892 0.243968 
0.0845656 -0.033288 0.241666 
0.0880075 0.0145738 0.242677 
0.0859532 0.00254939 0.243808 
0.0927313 0.0779596 0.224796 
0.0874997 0.00712329 0.243225 
0.0902038 -0.0379263 0.238847 
0.0870518 -0.0717197 0.231009 
0.0963079 -0.0288046 0.236703 
0.0725737 0.00936459 0.247378 
0.0825303 -0.0219549 0.243491 
0.087304 -0.0512389 0.237186 
0.0975857 -0.0110783 0.237654 
0.0927384 0.0206225 0.240079 
0.0886301 -0.0329742 0.240384 
0.0818542 -0.00994205 0.244431 
0.0637301 -0.0178573 0.249093 
0.0968435 0.00823621 0.23837 
0.0848714 -0.0395191 0.240536 
0.0904518 0.0257571 0.240646 
0.0672618 0.0128143 0.248508 
0.0765702 -0.0135904 0.246005 
0.0850741 0.0162347 0.243435 
0.0876796 -0.0194443 0.242419 
0.0877535 -0.0149669 0.242756 
0.095375 0.0186549 0.238623 
0.089259 -0.00965884 0.24251 
0.0954155 -0.0362623 0.236051 
0.0875176 -0.00835805 0.243209 
0.0890304 -0.024049 0.241455 
0.0785097 -0.0169311 0.244337 
0.0779059 -0.0245654 0.243719 
0.081996 -0.012139 0.244312 
0.0800718 0.0146826 0.244392 
0.0867308 0.0415454 0.239567 
0.0936938 -0.0159747 0.239962 
0.0632359 0.0761188 0.236218 
0.0956779 -0.0191697 0.238394 
0.0903302 0.0293752 0.240179 
0.0861128 0.0110642 0.243472 
0.096981 0.0121523 0.238043 
