0.742812 0.0552367 0 0 0 -25.8 20 0 50 0 0 0 0 0 0 0 0 0 0 0 0 -25.8 20 0 50 0 0 0 0 0 0 0 0 0 0 0 0 
0.011707 1 33.8661 -7.56636 -7.08756 -3.9859 51.9511 93.3689 78.6506 65.4554 -70.146 17.3672 0 0 0 0 0 0 0 0 0 -75.7724 111.874 -3.80448 85.9533 -76.5194 -25.7832 -12.0455 0 0 0 0 0 0 0 0 0 
0.624074 0.838184 -26.894 -4.21816 63.8017 -8.48429 45.1635 40.7094 31.3203 -85.0211 -10.2004 -11.5825 0 0 0 0 0 0 0 0 0 -3.25011 16.009 10.5853 93.7078 -57.7774 -27.5133 -17.7714 0 0 0 0 0 0 0 0 0 
0.255854 0.7562 -18.3676 -2.42286 55.3888 -56.4615 117.628 48.4881 68.3761 46.4937 -25.5621 5.03228 0 0 0 0 0 0 0 0 0 5.66008 51.8925 79.2244 91.0873 3.53289 -56.3828 29.5089 0 0 0 0 0 0 0 0 0 
0.91625 0.727506 6.45606 4.17807 57.7342 -83.6868 138.257 73.7017 61.0523 24.2559 -60.8137 3.11958 0 0 0 0 0 0 0 0 0 -76.0687 43.1315 -3.53674 37.1286 36.7454 -45.0038 27.0325 0 0 0 0 0 0 0 0 0 
1 1 32.4954 29.9176 62.481 -58.5598 138.306 78.6108 78.6674 87.2382 -78.9452 5.46296 0 0 0 0 0 0 0 0 0 -31.997 109.376 -5.88213 44.8793 -71.2054 -9.64508 30.1002 0 0 0 0 0 0 0 0 0 
0.257188 0 -24.6286 -20.0953 26.8215 -18.7219 92.3874 28.7863 54.8538 1.58804 -19.9324 24.1643 0 0 0 0 0 0 0 0 0 -78.473 68.4685 25.2022 67.6242 -68.0255 -17.4672 -14.4399 0 0 0 0 0 0 0 0 0 
0.169135 0.932466 -32.5014 29.3603 54.8852 -34.8211 101.735 33.6735 58.0961 23.2157 -71.8411 -15.3151 0 0 0 0 0 0 0 0 0 -60.675 45.4512 49.575 80.2524 -28.5478 -6.32895 -13.8022 0 0 0 0 0 0 0 0 0 
0.794844 0.95911 38.5072 -6.09921 -9.1289 -94.2299 42.8994 82.406 94.9927 54.7234 -76.5466 0.939667 0 0 0 0 0 0 0 0 0 -37.2746 147.493 -10.3408 90.9166 57.3941 -44.0687 5.36529 0 0 0 0 0 0 0 0 0 
1 0 12.8665 28.518 60.4068 -33.9391 129.807 46.4536 45.6318 63.4687 -25.7378 16.2931 0 0 0 0 0 0 0 0 0 -62.4928 51.268 47.3777 22.5845 33.5402 -70.1525 5.09666 0 0 0 0 0 0 0 0 0 
0 0 -43.4386 16.175 20.4224 -57.3148 22.0601 65.469 96.1823 40.9187 -74.4867 -18.0864 0 0 0 0 0 0 0 0 0 -91.0246 51.6791 43.2184 69.8002 -45.7183 -28.4086 31.1541 0 0 0 0 0 0 0 0 0 
0.936262 0.213056 -8.27354 27.9534 46.7918 -68.9904 43.8335 40.2455 64.8196 -39.7662 -50.1729 9.41561 0 0 0 0 0 0 0 0 0 -10.8429 121.082 54.7634 17.6655 -62.6137 -79.5108 27.9653 0 0 0 0 0 0 0 0 0 
0.462644 0.151568 -5.40841 0.53386 -6.54402 -88.8265 28.4647 -3.36581 87.3659 -16.2296 -80.2207 -5.93701 0 0 0 0 0 0 0 0 0 -65.7908 68.0777 43.0067 32.3298 1.90477 -58.232 9.53204 0 0 0 0 0 0 0 0 0 
0.47732 0.922218 -7.17173 -21.1562 14.4615 -89.311 99.0958 49.0603 85.6711 30.51 -63.945 17.7004 0 0 0 0 0 0 0 0 0 -40.1551 136.191 78.916 64.2244 43.5199 -85.2671 30.7341 0 0 0 0 0 0 0 0 0 
0.644086 0.24585 7.71959 25.8513 59.7319 -12.0358 130.301 1.46346 62.2408 -25.9086 -57.8818 33.6916 0 0 0 0 0 0 0 0 0 0.391191 152.756 10.6404 86.4625 23.9315 -86.9649 27.4027 0 0 0 0 0 0 0 0 0 
0.041058 0.422115 -10.203 10.9825 61.282 -47.62 154.343 -8.34906 101.661 -51.6638 -41.5503 22.3631 0 0 0 0 0 0 0 0 0 -31.498 88.1892 52.1126 37.0869 82.1512 -77.3609 -3.63517 0 0 0 0 0 0 0 0 0 
0.327897 0.223304 -19.7388 29.5576 -4.87284 -78.9449 142.951 29.9833 50.1423 2.95402 -60.8646 31.8954 0 0 0 0 0 0 0 0 0 -13.6423 106.584 11.6407 57.8092 -24.4775 -1.57734 6.47869 0 0 0 0 0 0 0 0 0 
0.877582 0.51702 45.5787 24.8395 25.9042 -91.4243 55.8356 -21.9604 77.7117 1.91586 -55.1125 -16.9479 0 0 0 0 0 0 0 0 0 4.89988 103.025 15.7446 105.072 35.6619 -60.5268 37.5827 0 0 0 0 0 0 0 0 0 
0.0930892 0.202808 5.27203 4.21121 0.439733 -67.9721 43.7247 -4.05178 38.4874 -79.6251 -24.2935 -0.418157 0 0 0 0 0 0 0 0 0 -73.9245 77.0767 -5.30739 95.6933 73.7825 -24.0639 -7.70103 0 0 0 0 0 0 0 0 0 
0.0357214 0.731605 9.04958 -2.27332 46.4423 -9.72649 71.9232 36.5165 94.0601 20.1629 -75.7651 -2.42049 0 0 0 0 0 0 0 0 0 -62.1094 110.193 42.148 90.7181 80.936 -29.6698 -0.029148 0 0 0 0 0 0 0 0 0 
0.924255 0.413917 17.3629 10.8573 54.0679 -4.6515 125.833 -0.678506 90.0212 4.94362 -81.2854 4.13204 0 0 0 0 0 0 0 0 0 -12.3009 59.4926 5.88608 89.9637 64.2559 -70.7941 15.6826 0 0 0 0 0 0 0 0 0 

EDGES
0	6
0	12
0	2
0	18
0	7
0	10
0	17
0	16
0	3
0	19
1	6
1	10
1	5
1	7
1	8
1	16
1	19
1	0
1	12
1	11
2	0
2	6
2	7
2	11
2	18
2	3
2	10
2	12
2	16
2	20
3	9
3	7
3	13
3	20
3	4
3	16
3	6
3	19
3	17
3	14
4	9
4	7
4	3
4	20
4	16
4	13
4	19
4	5
4	15
4	6
5	16
5	1
5	4
5	7
5	9
5	3
5	6
5	10
5	11
5	8
6	7
6	16
6	0
6	10
6	1
6	2
6	3
6	12
6	11
6	9
7	6
7	10
7	3
7	16
7	9
7	4
7	19
7	12
7	0
7	20
8	13
8	19
8	17
8	1
8	12
8	4
8	16
8	10
8	20
8	5
9	4
9	3
9	7
9	20
9	19
9	13
9	15
9	6
9	16
9	5
10	7
10	12
10	6
10	1
10	0
10	11
10	3
10	4
10	19
10	13
11	12
11	16
11	6
11	13
11	14
11	10
11	17
11	7
11	3
11	2
12	10
12	11
12	17
12	0
12	13
12	18
12	7
12	19
12	6
12	16
13	3
13	19
13	8
13	12
13	17
13	9
13	4
13	14
13	15
13	16
14	20
14	15
14	17
14	19
14	16
14	13
14	11
14	3
14	9
14	4
15	20
15	14
15	19
15	13
15	9
15	4
15	3
15	17
15	16
15	18
16	7
16	6
16	5
16	4
16	3
16	14
16	13
16	11
16	12
16	9
17	20
17	12
17	14
17	8
17	13
17	19
17	18
17	3
17	16
17	11
18	0
18	12
18	17
18	19
18	15
18	20
18	2
18	6
18	16
18	4
19	20
19	13
19	8
19	7
19	17
19	9
19	14
19	15
19	4
19	3
20	19
20	14
20	15
20	17
20	3
20	9
20	4
20	7
20	13
20	16
