0 0 0 -25.8 20 0 50 0 0 0 0 0 0 0 0 0 0 0 0 -25.8 20 0 50 0 0 0 0 0 0 0 0 0 0 0 0 
-16.5087 22.7028 63.9786 8.77429 129.522 68.0199 44.3797 -31.2946 -49.5456 17.6949 0 0 0 0 0 0 0 0 0 7.70174 20.2579 22.0397 40.918 -11.1306 -70.602 8.34061 0 0 0 0 0 0 0 0 0 
17.7314 6.92148 15.7518 -80.7258 133.026 -19.9298 50.5417 33.3597 -56.5807 32.2655 0 0 0 0 0 0 0 0 0 -50.0865 24.5717 9.19252 87.2084 -62.0816 -17.7558 -7.50933 0 0 0 0 0 0 0 0 0 
34.4557 -1.62366 44.8715 -8.70118 90.8311 67.7217 59.6604 -61.915 -57.6301 33.6085 0 0 0 0 0 0 0 0 0 -28.2821 51.1057 50.8325 47.4527 -86.7166 -38.2213 3.45538 0 0 0 0 0 0 0 0 0 
-25.8444 19.9631 30.0507 -80.0099 66.0591 45.3496 82.386 16.0351 -24.3324 -15.903 0 0 0 0 0 0 0 0 0 -28.3829 27.4635 38.1529 100.873 51.8422 -79.1926 -7.22385 0 0 0 0 0 0 0 0 0 
31.2301 -9.59648 19.2685 4.92346 66.7525 -15.9522 85.0477 71.504 -1.52397 4.39014 0 0 0 0 0 0 0 0 0 -86.1124 97.127 75.1525 98.1367 31.9334 -72.795 35.7634 0 0 0 0 0 0 0 0 0 
-25.4852 -18.1957 35.5903 4.07079 149.645 -14.2068 59.4125 -71.3567 -21.4107 20.5272 0 0 0 0 0 0 0 0 0 -59.2017 17.892 -11.5773 35.7091 -74.0801 -47.5254 33.6107 0 0 0 0 0 0 0 0 0 
0 0 0 -51 123 0 50 0 0 0 0 0 0 0 0 0 0 0 0 -41.9999 108.869 0 50 0 0 0 0 0 0 0 0 0 0 0 0 

EDGES
0	7
0	4
0	2
0	1
0	3
1	3
1	6
1	4
1	7
1	0
2	7
2	0
2	6
2	3
2	4
3	1
3	6
3	2
3	0
3	7
4	0
4	1
4	7
4	5
4	2
5	4
5	7
5	0
5	2
5	1
6	3
6	1
6	2
6	7
6	0
7	0
7	2
7	6
7	4
7	5
