0.495614 0.0220588 0.043956 0.043956 -20 -30.022 30.0385 -0.228022 45.0549 -0.000425 0.000204 -8.2e-05 14.5714 29.9924 0.5 -0.544747 4.67526 3.75479 7.9928 1.0728 -1.81374 -30.022 30.0659 -0.289451 44.967 -0.000425 0.000204 -8.2e-05 14.7272 30.0553 3.3251 6.07004 3.97523 1.37405 7.89883 7.02703 11.2225 
0.285088 1 0.043956 0.043956 0.131868 -70.022 89.9945 -10.9533 75.033 -0.000425 0.000204 -8.2e-05 14.5714 29.9924 -2 0.233463 5.14919 4.13793 7.04493 1.45594 -1.81374 -70.022 80 -9.87187 84.967 -0.000425 0.000204 -8.2e-05 14.7272 29.9019 2.8149 6.07004 3.97523 1.37405 7.89883 7.41313 11.675 
0.0263158 0.382353 -6.46154 -7.6044 25.011 -70.022 89.9945 -11.1291 75.033 -0.000425 0.000204 -8.2e-05 15.1429 29.9924 0.5 -0.155642 6.09706 4.13793 7.9928 2.22222 -1.81374 -69.0549 52.2198 17.293 37.3187 55.4937 0.001226 -8.2e-05 15.2727 30.1064 3.3251 6.07004 4.38675 1.37405 9.06615 7.02703 12.58 
0.179825 0.143382 -20 -1.8022 19.033 -70.1099 89.9945 -11.217 75.033 -0.000425 0.000204 -8.2e-05 14.8572 29.9341 -1.5 -0.155642 6.09706 4.13793 7.9928 2.22222 -1.81374 -57.011 70.5934 10.8754 37.9341 38.4617 0.000204 0.00094 15.2727 30.1064 3.3251 6.07004 4.38675 1.37405 9.06615 7.02703 12.58 
0.971491 0.375 -6.46154 7.07692 10.6813 -70.022 90.0824 -11.217 75.033 -0.000425 0.000204 -8.2e-05 14.8572 29.9341 -1.5 -0.155642 5.62313 4.13793 7.51886 1.45594 -1.81374 -56.8352 78.2418 3.40286 37.5824 25.3721 0.000204 -8.2e-05 14.4545 29.953 2.8149 6.07004 4.38675 1.37405 9.06615 7.02703 12.58 
0.83114 0.150735 6.28571 2.06593 15.5165 -70.022 89.9066 -11.3929 75.033 -0.000425 0.000204 -8.2e-05 14.8572 29.9341 -2 -0.155642 5.62313 4.13793 7.51886 1.45594 -1.81374 -56.8352 75.956 5.60066 36 28.2518 0.000204 -8.2e-05 14.7272 30.0042 3.3251 6.07004 4.38675 1.37405 9.06615 7.02703 12.58 
0.695175 1 0.043956 -8.74725 26.3297 -70.022 89.9066 -10.6016 75.033 -0.000425 0.000204 -8.2e-05 14.8572 29.9341 -2 -0.155642 6.09706 4.13793 7.9928 2.22222 -1.81374 -57.2747 73.4945 7.62264 36.1758 37.6423 0.000204 -8.2e-05 15 29.953 3.3251 6.07004 4.38675 1.37405 9.06615 7.02703 12.58 
0.0833333 0.731618 -14.989 -0.131868 22.2857 -70.022 89.9945 -10.6896 75.033 -0.000425 -0.000818 -0.001104 14.8572 29.9341 -1 -0.155642 6.09706 4.13793 7.9928 1.83908 -1.81374 -57.2747 74.022 7.18308 36.3516 35.7574 0.000204 -8.2e-05 15.2727 30.0042 3.3251 6.07004 4.79827 1.37405 9.45525 7.41313 12.58 
0.916667 0.727941 -12.8791 2.50549 11.8242 -70.022 90.0824 -11.5687 75.033 -0.000425 -0.00184 -0.002126 14.8572 29.9341 -1 -0.155642 6.09706 4.13793 7.9928 1.83908 -1.81374 -57.011 89.0549 -7.58615 36.2637 12.8656 0.000204 -8.2e-05 15 30.0042 3.3251 6.07004 4.38675 1.37405 9.06615 7.02703 12.58 

EDGES
0	4
0	5
0	8
0	3
0	7
0	1
0	6
0	2
1	8
1	4
1	5
1	7
1	6
1	3
1	2
1	0
2	6
2	3
2	7
2	5
2	4
2	8
2	1
2	0
3	7
3	6
3	4
3	5
3	2
3	8
3	1
3	0
4	5
4	7
4	8
4	3
4	6
4	2
4	1
4	0
5	4
5	6
5	7
5	3
5	8
5	2
5	1
5	0
6	7
6	5
6	3
6	4
6	2
6	8
6	1
6	0
7	3
7	6
7	4
7	5
7	8
7	2
7	1
7	0
8	4
8	5
8	7
8	3
8	6
8	1
8	2
8	0
