0.389047 0.269104 0 0 0 -25.8 20 0 50 0 0 0 0 0 0 0 0 0 0 0 0 -25.8 20 0 50 0 0 0 0 0 0 0 0 0 0 0 0 
0.912518 0.293293 27.7755 13.8479 32.1118 -76.9637 2.08511 87.7892 30.7202 16.3873 -34.1073 18.6179 0 0 0 0 0 0 0 0 0 -40.5153 29.7913 73.7603 98.8773 -48.1021 -81.2532 5.32431 0 0 0 0 0 0 0 0 0 
0.420341 0.407642 32.9515 9.6565 25.6799 -0.793004 64.304 -6.63855 75.707 -52.7861 -22.9318 16.4357 0 0 0 0 0 0 0 0 0 -69.5984 151.879 38.4072 58.342 -34.8412 -63.2028 -6.63821 0 0 0 0 0 0 0 0 0 
0.923898 0.618747 43.4715 14.9711 1.77236 -71.3678 116.627 92.5259 69.254 55.2089 -47.3479 -17.6944 0 0 0 0 0 0 0 0 0 -5.8018 105.99 5.17269 46.7513 47.5793 -82.2192 -19.0478 0 0 0 0 0 0 0 0 0 
0.701991 0.629742 11.5738 12.7268 28.1511 -88.5281 150.044 68.2086 53.7861 -52.8524 -40.0784 15.0712 0 0 0 0 0 0 0 0 0 -91.5393 152.096 3.89425 78.6936 65.1267 -42.6358 39.5809 0 0 0 0 0 0 0 0 0 
0.824324 0.440627 43.3904 -22.9128 8.40202 -91.4239 65.4403 82.9183 57.7854 77.1211 -47.9524 -11.1573 0 0 0 0 0 0 0 0 0 9.57353 118.385 61.3944 66.7167 15.4758 -43.8091 33.234 0 0 0 0 0 0 0 0 0 
0.0376956 0 -27.5404 16.9372 60.6443 -44.0062 66.2297 25.5442 79.1528 -67.0722 -16.074 -3.67565 0 0 0 0 0 0 0 0 0 -19.2793 57.1449 77.7065 87.2851 -18.6265 -62.8918 -1.97469 0 0 0 0 0 0 0 0 0 
0.985064 0.0250137 -13.2561 2.74351 -9.75374 -17.6195 7.17333 67.4905 39.8302 -11.5559 -44.789 34.2835 0 0 0 0 0 0 0 0 0 -21.1844 68.1698 -0.420291 98.3929 -41.0201 -57.4035 -6.74046 0 0 0 0 0 0 0 0 0 
0.0618777 0.990379 26.2634 5.47659 36.7042 5.91855 111.808 8.24061 20.0599 61.1757 -34.5995 24.548 0 0 0 0 0 0 0 0 0 -27.0632 67.9505 9.40307 18.9103 -30.5225 -40.4861 6.85908 0 0 0 0 0 0 0 0 0 
0.0248933 0.730896 3.40842 -8.77893 20.1102 -12.5094 159.193 -19.4312 16.3413 -48.2283 -61.5631 5.96038 0 0 0 0 0 0 0 0 0 3.11105 49.7365 38.9131 28.4181 -79.8948 -40.8461 -6.97513 0 0 0 0 0 0 0 0 0 
0.556899 0.442826 -22.4123 9.99184 20.3643 -78.2412 85.3343 6.18114 34.4084 4.56853 -83.3944 13.9409 0 0 0 0 0 0 0 0 0 -51.688 129.261 42.2008 53.6213 20.1534 -65.8932 29.0373 0 0 0 0 0 0 0 0 0 
0.966572 1 -48.712 -1.67877 9.85543 -55.3232 149.916 21.7615 44.9805 73.0755 -24.74 36.8019 0 0 0 0 0 0 0 0 0 -76.9628 23.7901 44.7603 23.932 77.3759 -66.8184 -18.0369 0 0 0 0 0 0 0 0 0 
0.245377 0.161352 14.3575 4.18038 29.4477 -45.5076 13.0885 -19.0037 52.9049 12.3749 -2.30681 -7.00303 0 0 0 0 0 0 0 0 0 -24.9715 36.6578 37.8918 54.7988 -38.3574 -1.49162 6.85732 0 0 0 0 0 0 0 0 0 
0.400427 0.706707 15.6644 -17.142 49.2496 -31.8835 137.048 23.1314 24.5739 -64.9839 -17.5306 -4.12791 0 0 0 0 0 0 0 0 0 -91.1444 23.6505 92.0642 40.2633 63.2704 -72.194 -10.0092 0 0 0 0 0 0 0 0 0 
0.933855 0.761682 -46.3772 23.3499 5.45011 -3.23354 120.81 -1.52956 67.1439 78.1223 -4.03104 -6.40557 0 0 0 0 0 0 0 0 0 -92.1711 130.422 81.3277 103.829 46.4866 -84.5055 -15.679 0 0 0 0 0 0 0 0 0 
0.454481 0.911215 33.7204 23.5553 48.5642 -30.2898 151.685 12.8664 64.2945 47.4684 -24.5213 26.9995 0 0 0 0 0 0 0 0 0 -60.2239 78.5075 59.3389 42.9868 26.3283 -15.1045 -0.559293 0 0 0 0 0 0 0 0 0 

EDGES
0	12
0	7
0	8
1	7
1	12
1	6
2	6
2	10
2	7
3	5
3	15
3	10
4	10
4	3
4	15
5	3
5	10
5	1
6	12
6	2
6	7
7	1
7	0
7	12
8	15
8	9
8	12
9	8
9	6
9	2
10	4
10	2
10	15
11	15
11	14
11	13
12	0
12	6
12	7
13	6
13	15
13	11
14	15
14	11
14	10
15	8
15	11
15	10
